trade_date,open,close,high,low,volume,amount,amplitude,pct_change,change,turnover_rate
20221103,24.61,24.8,24.8,24.6,53969,1333306.0,0.81,0.81,0.2,0.0
20221104,24.85,24.95,24.95,24.781,26020,647818.0,0.68,0.6,0.15,0.0
20221107,24.95,24.92,24.97,24.84,29860,743911.0,0.52,-0.12,-0.03,0.0
20221108,25.01,24.9,25.01,24.87,18232,454319.0,0.56,-0.08,-0.02,0.0
20221109,24.929,24.9,24.95,24.85,11825,294468.0,0.4,0.0,0.0,0.0
20221110,24.89,24.9,24.96,24.81,31744,789570.0,0.6,0.0,0.0,0.0
20221111,24.92,25.57,25.7,24.875,30857,772083.0,3.31,2.69,0.67,0.0
20221114,25.26,25.18,25.26,25.0,15309,384556.0,1.02,-1.53,-0.39,0.0
20221115,25.3,25.05,25.3,24.979,48336,1209465.0,1.27,-0.52,-0.13,0.0
20221116,25.05,25.082,25.11,25.05,17102,429213.0,0.24,0.13,0.032,0.0
20221117,25.0,25.075,25.075,25.0,5112,127810.0,0.3,-0.03,-0.007,0.0
20221118,25.1,25.014,25.1,25.0,8067,202259.0,0.4,-0.24,-0.061,0.0
20221121,25.19,25.2,25.2,25.175,2885,72684.0,0.1,0.74,0.186,0.0
20221122,25.2,25.2,25.2,25.2,2417,60908.0,0.0,0.0,0.0,0.0
20221123,25.2,25.0,25.2,25.0,8992,225000.0,0.79,-0.79,-0.2,0.0
20221125,25.2,25.0,25.2,24.99,8371,209694.0,0.84,0.0,0.0,0.0
20221128,25.18,25.01,25.18,24.97,25066,626828.0,0.84,0.04,0.01,0.0
20221129,25.05,25.2,25.2,25.05,6483,163107.0,0.6,0.76,0.19,0.0
20221130,25.06,25.12,25.14,25.05,7003,175816.0,0.36,-0.32,-0.08,0.0
20221201,25.125,24.95,25.125,24.91,13390,334872.0,0.86,-0.68,-0.17,0.0
20221202,25.0,25.0,25.75,25.0,33582,846363.0,3.01,0.2,0.05,0.0
20221205,25.0,24.95,25.05,24.94,31071,776533.0,0.44,-0.2,-0.05,0.0
20221206,25.0,24.9,25.08,24.88,16166,404104.0,0.8,-0.2,-0.05,0.0
20221207,24.9,25.0,25.012,24.891,12072,301079.0,0.49,0.4,0.1,0.0
20221208,25.01,25.0,25.01,25.0,8057,201485.0,0.04,0.0,0.0,0.0
20221209,25.021,25.02,25.07,25.018,2561,64101.0,0.21,0.08,0.02,0.0
20221212,25.12,25.028,25.12,25.006,6315,158016.0,0.46,0.03,0.008,0.0
20221213,25.1,25.05,25.2,25.03,43802,1099261.0,0.68,0.09,0.022,0.0
20221214,25.14,25.05,25.15,25.04,30565,766234.0,0.44,0.0,0.0,0.0
20221215,25.09,25.02,25.1,25.008,7538,188621.0,0.37,-0.12,-0.03,0.0
20221216,25.02,25.005,25.1,24.97,12564,314276.0,0.52,-0.06,-0.015,0.0
20221219,24.99,24.97,25.063,24.952,9270,231861.0,0.44,-0.14,-0.035,0.0
20221220,25.1,25.01,25.1,24.975,20862,521714.0,0.5,0.16,0.04,0.0
20221221,25.1,25.1,25.1,24.978,5870,147252.0,0.49,0.36,0.09,0.0
20221222,25.1,25.06,25.1,25.0,3100,77582.0,0.4,-0.16,-0.04,0.0
20221223,24.99,24.966,24.99,24.966,395,9864.0,0.1,-0.38,-0.094,0.0
20221227,24.95,25.01,25.01,24.948,6563,164007.0,0.25,0.18,0.044,0.0
20221228,24.9,25.1,25.1,24.9,33913,849842.0,0.8,0.36,0.09,0.0
20221229,25.026,25.0,25.429,25.0,39935,1000633.0,1.71,-0.4,-0.1,0.0
20221230,25.005,25.007,25.1,24.965,14824,370862.0,0.54,0.03,0.007,0.0
20230103,25.1,25.05,25.25,25.03,16863,423352.0,0.88,0.17,0.043,0.0
20230104,25.07,25.03,25.07,25.0,27391,685159.0,0.28,-0.08,-0.02,0.0
20230105,25.04,24.995,25.04,24.995,16741,418643.0,0.18,-0.14,-0.035,0.0
20230106,24.99,25.01,25.01,24.99,7476,186958.0,0.08,0.06,0.015,0.0
20230109,25.036,25.01,25.05,24.99,4455,111422.0,0.24,0.0,0.0,0.0
20230110,25.03,25.01,25.03,25.0,6313,157889.0,0.12,0.0,0.0,0.0
20230111,25.05,25.01,25.14,25.005,14826,371413.0,0.54,0.0,0.0,0.0
20230112,25.01,25.09,25.09,25.001,12993,325007.0,0.36,0.32,0.08,0.0
20230113,25.056,25.01,25.063,24.975,21805,545244.0,0.35,-0.32,-0.08,0.0
20230117,25.05,25.01,25.08,25.009,10064,251875.0,0.28,0.0,0.0,0.0
20230118,25.1,25.04,25.14,25.02,14333,359306.0,0.48,0.12,0.03,0.0
20230119,25.04,25.05,25.06,25.039,14639,366698.0,0.08,0.04,0.01,0.0
20230120,25.08,25.48,25.51,25.08,20391,516281.0,1.72,1.72,0.43,0.0
20230123,25.46,25.254,25.5,25.254,18280,463922.0,0.97,-0.89,-0.226,0.0
20230124,25.27,25.37,25.49,25.27,10671,271010.0,0.87,0.46,0.116,0.0
20230125,25.408,25.37,25.55,25.28,18710,475092.0,1.06,0.0,0.0,0.0
20230126,25.347,25.45,25.64,25.3,14838,377927.0,1.34,0.32,0.08,0.0
20230127,25.36,25.56,25.58,25.36,10412,265385.0,0.86,0.43,0.11,0.0
20230130,25.56,25.46,25.56,25.42,2660,67787.0,0.55,-0.39,-0.1,0.0
20230131,25.48,25.45,25.56,25.45,15875,404732.0,0.43,-0.04,-0.01,0.0
20230201,25.4,25.41,25.49,25.299,22783,577479.0,0.75,-0.16,-0.04,0.0
20230202,25.41,25.38,25.41,25.251,5125,130019.0,0.63,-0.12,-0.03,0.0
20230203,25.3,25.429,25.55,25.3,7711,195478.0,0.99,0.19,0.049,0.0
20230206,25.43,25.42,25.43,25.345,1405,35661.0,0.33,-0.04,-0.009,0.0
20230207,25.48,25.54,25.55,25.43,3450,88060.0,0.47,0.47,0.12,0.0
20230208,25.53,25.52,25.53,25.49,1258,32096.0,0.16,-0.08,-0.02,0.0
20230209,25.45,25.49,25.55,25.421,4049,103249.0,0.51,-0.12,-0.03,0.0
20230210,25.537,25.532,25.55,25.49,3765,96059.0,0.24,0.16,0.042,0.0
20230213,25.532,25.57,25.7,25.532,5825,149004.0,0.66,0.15,0.038,0.0
20230214,25.11,25.166,25.2,24.98,21107,528948.0,0.86,-1.58,-0.404,0.0
20230215,25.08,25.08,25.13,25.02,11161,280099.0,0.44,-0.34,-0.086,0.0
20230216,25.06,24.97,25.115,24.97,10135,253788.0,0.58,-0.44,-0.11,0.0
20230217,25.03,25.03,25.19,25.03,10371,260156.0,0.64,0.24,0.06,0.0
20230221,25.03,25.02,25.178,25.0,16076,403273.0,0.71,-0.04,-0.01,0.0
20230222,25.131,25.11,25.2,25.02,6122,153748.0,0.72,0.36,0.09,0.0
20230223,25.141,25.12,25.2,25.04,14386,361255.0,0.64,0.04,0.01,0.0
20230224,25.06,25.09,25.16,25.06,3322,83398.0,0.4,-0.12,-0.03,0.0
20230227,25.16,25.12,25.21,25.1,9425,237135.0,0.44,0.12,0.03,0.0
20230228,25.23,25.22,25.29,25.16,7055,178030.0,0.52,0.4,0.1,0.0
20230301,25.276,25.21,25.33,25.18,7338,185210.0,0.59,-0.04,-0.01,0.0
20230302,25.24,25.35,25.48,25.1,10769,272164.0,1.51,0.56,0.14,0.0
20230303,25.11,25.248,25.28,25.11,9931,250201.0,0.67,-0.4,-0.102,0.0
20230306,25.25,25.281,25.319,25.25,4165,105271.0,0.27,0.13,0.033,0.0
20230307,25.35,25.3,25.414,25.3,6351,160980.0,0.45,0.08,0.019,0.0
20230308,25.25,25.26,25.27,25.09,8119,204773.0,0.71,-0.16,-0.04,0.0
20230309,25.34,25.205,25.34,25.18,8574,216592.0,0.63,-0.22,-0.055,0.0
20230310,25.255,25.27,25.332,24.97,9993,250687.0,1.44,0.26,0.065,0.0
20230313,25.0,24.71,25.26,24.21,24097,597356.0,4.16,-2.22,-0.56,0.0
20230314,25.0,24.89,25.12,24.72,9360,233759.0,1.62,0.73,0.18,0.0
20230315,24.75,24.68,25.156,24.575,14682,364382.0,2.33,-0.84,-0.21,0.0
20230316,25.0,24.8,25.0,24.8,2123,52820.0,0.81,0.49,0.12,0.0
20230317,24.75,24.13,24.75,24.125,12351,300612.0,2.52,-2.7,-0.67,0.0
20230320,24.223,24.43,24.85,24.223,9044,222802.0,2.6,1.24,0.3,0.0
20230321,24.55,24.6,24.665,24.475,4070,100074.0,0.78,0.7,0.17,0.0
20230322,24.46,24.791,24.86,24.46,10132,250617.0,1.63,0.78,0.191,0.0
20230323,24.7,24.765,25.1,24.69,5484,135909.0,1.65,-0.1,-0.026,0.0
20230324,24.7,24.78,25.14,24.7,8447,209812.0,1.78,0.06,0.015,0.0
20230327,24.901,24.81,24.98,24.75,7589,188562.0,0.93,0.12,0.03,0.0
20230328,25.0,24.89,25.03,24.5,5957,148084.0,2.14,0.32,0.08,0.0
20230329,24.88,24.83,25.069,24.7,5709,141856.0,1.48,-0.24,-0.06,0.0
20230330,24.85,24.41,24.9,24.25,17367,423820.0,2.62,-1.69,-0.42,0.0
20230331,24.502,24.642,24.768,24.415,5308,130539.0,1.45,0.95,0.232,0.0
20230403,24.62,24.65,24.79,24.6,2505,61830.0,0.77,0.03,0.008,0.0
20230404,24.76,24.87,24.875,24.76,1407,34912.0,0.47,0.89,0.22,0.0
20230405,24.87,24.8,24.87,24.8,1218,30216.0,0.28,-0.28,-0.07,0.0
20230406,24.6,24.87,24.87,24.6,4402,108952.0,1.09,0.28,0.07,0.0
20230410,24.96,24.84,24.96,24.71,4000,99313.0,1.01,-0.12,-0.03,0.0
20230411,24.71,24.69,24.97,24.55,15567,384983.0,1.69,-0.6,-0.15,0.0
20230412,24.717,24.63,24.867,24.63,4642,114957.0,0.96,-0.24,-0.06,0.0
20230413,24.6,24.7,24.7,24.578,2950,72769.0,0.5,0.28,0.07,0.0
20230414,24.7,24.81,24.94,24.7,9708,240864.0,0.97,0.45,0.11,0.0
20230417,24.9,24.88,24.9,24.65,5436,134787.0,1.01,0.28,0.07,0.0
20230418,24.89,24.95,25.162,24.89,12768,318597.0,1.09,0.28,0.07,0.0
20230419,24.95,25.0,25.333,24.908,10637,265355.0,1.7,0.2,0.05,0.0
20230420,24.959,25.0,25.0,24.959,1022,25541.0,0.16,0.0,0.0,0.0
20230421,25.072,25.132,25.184,25.07,5057,127119.0,0.46,0.53,0.132,0.0
20230424,25.2,25.06,25.2,24.8,18427,460517.0,1.59,-0.29,-0.072,0.0
20230425,25.07,25.06,25.07,25.0,915,22901.0,0.28,0.0,0.0,0.0
20230426,24.983,25.08,25.13,24.78,21106,528283.0,1.4,0.08,0.02,0.0
20230427,24.922,25.08,25.1,24.922,4202,105278.0,0.71,0.0,0.0,0.0
20230428,24.82,25.08,25.08,23.591,21872,533402.0,5.94,0.0,0.0,0.0
20230501,25.01,24.98,25.04,24.819,1811,45229.0,0.88,-0.4,-0.1,0.0
20230502,24.726,25.08,25.08,24.726,2389,59576.0,1.42,0.4,0.1,0.0
20230503,24.775,24.95,25.08,24.775,2877,71723.0,1.22,-0.52,-0.13,0.0
20230504,24.82,24.48,24.84,24.48,5889,145490.0,1.44,-1.88,-0.47,0.0
20230505,24.815,24.978,25.079,24.815,3712,92782.0,1.08,2.03,0.498,0.0
20230508,25.07,25.05,25.07,25.05,1043,26144.0,0.08,0.29,0.072,0.0
20230509,25.0,24.94,25.068,24.73,6767,168829.0,1.35,-0.44,-0.11,0.0
20230510,24.917,25.08,25.08,24.8,3853,95954.0,1.12,0.56,0.14,0.0
20230511,24.83,24.78,24.83,24.53,19446,479915.0,1.2,-1.2,-0.3,0.0
20230512,24.67,24.702,24.891,24.21,2111,52020.0,2.75,-0.31,-0.078,0.0
20230515,24.581,24.75,24.75,24.56,1232,30331.0,0.77,0.19,0.048,0.0
20230516,24.75,24.75,24.75,24.75,171,4232.0,0.0,0.0,0.0,0.0
20230517,24.45,24.555,24.555,24.45,600,14717.0,0.42,-0.79,-0.195,0.0
20230518,24.74,24.65,24.75,24.531,3319,81876.0,0.89,0.39,0.095,0.0
20230519,24.56,24.567,24.567,24.5,2616,64125.0,0.27,-0.34,-0.083,0.0
20230522,24.48,24.5,24.61,24.4,2229,54607.0,0.85,-0.27,-0.067,0.0
20230523,24.72,24.74,24.747,24.6,1839,45313.0,0.6,0.98,0.24,0.0
20230524,24.612,24.75,24.98,24.5,5084,125144.0,1.94,0.04,0.01,0.0
20230525,24.7,24.959,24.959,24.69,499,12366.0,1.09,0.84,0.209,0.0
20230526,24.65,24.752,24.85,24.65,1287,31853.0,0.8,-0.83,-0.207,0.0
20230530,24.75,24.75,24.75,24.75,224,5544.0,0.0,-0.01,-0.002,0.0
20230531,24.714,24.785,24.8,24.7,1477,36587.0,0.4,0.14,0.035,0.0
20230601,24.7,24.76,24.78,24.683,3602,88966.0,0.39,-0.1,-0.025,0.0
20230602,24.725,24.706,24.734,24.2,16036,391198.0,2.16,-0.22,-0.054,0.0
20230605,24.41,24.57,24.64,24.4,1280,31303.0,0.97,-0.55,-0.136,0.0
20230606,24.53,24.54,24.55,24.445,2548,62406.0,0.43,-0.12,-0.03,0.0
20230607,24.567,24.58,24.58,24.537,1446,35526.0,0.18,0.16,0.04,0.0
20230608,24.59,24.74,24.74,24.568,1894,46634.0,0.7,0.65,0.16,0.0
20230609,24.74,24.74,24.74,24.74,20,494.0,0.0,0.0,0.0,0.0
20230612,24.7,24.7,24.7,24.51,4342,107178.0,0.77,-0.16,-0.04,0.0
20230613,24.7,24.7,24.7,24.7,50,1235.0,0.0,0.0,0.0,0.0
20230614,24.69,24.97,24.97,24.69,1790,44358.0,1.13,1.09,0.27,0.0
20230615,24.72,24.86,24.88,24.61,4694,115960.0,1.08,-0.44,-0.11,0.0
20230616,24.95,24.99,24.99,24.48,3787,94307.0,2.05,0.52,0.13,0.0
20230620,25.0,25.0,25.0,25.0,470,11749.0,0.0,0.04,0.01,0.0
20230621,24.984,24.97,24.99,24.97,2658,66403.0,0.08,-0.12,-0.03,0.0
20230622,24.97,24.97,24.97,24.97,50,1248.0,0.0,0.0,0.0,0.0
20230623,24.9,24.9,24.93,24.9,1222,30433.0,0.12,-0.28,-0.07,0.0
20230626,24.9,24.941,24.99,24.9,4164,104007.0,0.36,0.16,0.041,0.0
20230627,24.81,24.95,24.95,24.81,1134,28222.0,0.56,0.04,0.009,0.0
20230628,24.99,24.981,24.99,24.974,2533,63280.0,0.06,0.12,0.031,0.0
20230629,24.99,24.891,25.21,24.891,5292,132380.0,1.28,-0.36,-0.09,0.0
20230630,24.9,24.95,24.97,24.72,5977,148553.0,1.0,0.24,0.059,0.0
20230703,25.06,24.915,25.06,24.9,1324,33079.0,0.64,-0.14,-0.035,0.0
20230705,24.9,24.95,24.95,24.9,1168,29122.0,0.2,0.14,0.035,0.0
20230706,25.195,24.9,25.195,24.9,300,7529.0,1.18,-0.2,-0.05,0.0
20230707,24.9,24.94,24.94,24.9,907,22600.0,0.16,0.16,0.04,0.0
20230710,24.94,25.005,25.135,24.8,3831,95388.0,1.34,0.26,0.065,0.0
20230711,25.07,25.008,25.37,24.99,3121,78225.0,1.52,0.01,0.003,0.0
20230712,24.9,24.87,24.955,24.851,4663,116061.0,0.42,-0.55,-0.138,0.0
20230713,24.98,24.87,24.98,24.87,426,10617.0,0.44,0.0,0.0,0.0
20230714,24.8,24.8,24.8,24.8,333,8258.0,0.0,-0.28,-0.07,0.0
20230717,25.105,24.95,25.245,24.95,2238,56179.0,1.19,0.6,0.15,0.0
20230718,24.86,24.95,24.96,24.86,4508,112449.0,0.4,0.0,0.0,0.0
20230719,24.929,25.03,25.03,24.9,1940,48388.0,0.52,0.32,0.08,0.0
20230721,25.0,25.0,25.0,25.0,244,6100.0,0.0,-0.12,-0.03,0.0
20230724,25.0,24.95,25.22,24.95,3874,97281.0,1.08,-0.2,-0.05,0.0
20230725,24.99,25.053,25.155,24.96,7979,199936.0,0.78,0.41,0.103,0.0
20230726,25.0,24.95,25.37,24.95,3168,79224.0,1.68,-0.41,-0.103,0.0
20230727,25.221,25.0,25.38,24.95,3858,96699.0,1.72,0.2,0.05,0.0
20230728,25.0,24.99,25.0,24.95,3961,98981.0,0.2,-0.04,-0.01,0.0
20230731,25.0,24.95,25.144,24.95,8521,213772.0,0.78,-0.16,-0.04,0.0
20230801,25.062,25.03,25.062,25.03,517,12945.0,0.13,0.32,0.08,0.0
20230802,25.03,25.16,25.218,25.03,1369,34445.0,0.75,0.52,0.13,0.0
20230803,25.16,25.281,25.281,25.16,480,12101.0,0.48,0.48,0.121,0.0
20230804,25.3,25.3,25.3,25.3,592,14977.0,0.0,0.08,0.019,0.0
20230807,25.234,25.29,25.29,25.2,1117,28191.0,0.36,-0.04,-0.01,0.0
20230808,26.49,25.46,26.49,25.29,18828,485213.0,4.74,0.67,0.17,0.0
20230809,25.75,25.75,25.75,25.75,100,2575.0,0.0,1.14,0.29,0.0
20230810,25.3,25.528,25.528,25.3,1209,30633.0,0.89,-0.86,-0.222,0.0
20230811,25.48,25.5,25.5,25.48,735,18739.0,0.08,-0.11,-0.028,0.0
20230814,24.97,24.93,24.988,24.93,2263,56494.0,0.23,-2.24,-0.57,0.0
20230815,24.93,24.89,24.93,24.89,644,16037.0,0.16,-0.16,-0.04,0.0
20230816,24.89,24.86,24.9,24.86,2169,53937.0,0.16,-0.12,-0.03,0.0
20230817,24.85,25.2,25.2,24.85,484,12112.0,1.41,1.37,0.34,0.0
20230818,24.8,24.8,24.8,24.8,590,14632.0,0.0,-1.59,-0.4,0.0
20230821,24.84,24.84,24.84,24.84,937,23275.0,0.0,0.16,0.04,0.0
20230822,25.135,25.02,25.135,25.02,271,6798.0,0.46,0.72,0.18,0.0
20230823,24.91,24.89,24.915,24.89,593,14768.0,0.1,-0.52,-0.13,0.0
20230824,24.89,24.89,24.89,24.89,85,2115.0,0.0,0.0,0.0,0.0
20230825,25.092,25.092,25.092,25.092,150,3763.0,0.0,0.81,0.202,0.0
20230828,24.9,25.07,25.1,24.9,2458,61549.0,0.8,-0.09,-0.022,0.0
20230829,24.93,24.85,24.93,24.82,2225,55301.0,0.44,-0.88,-0.22,0.0
20230830,25.077,25.077,25.077,25.077,115,2883.0,0.0,0.91,0.227,0.0
20230831,25.1,25.1,25.1,24.96,5261,131981.0,0.56,0.09,0.023,0.0
20230901,25.025,24.95,25.025,24.95,1294,32308.0,0.3,-0.6,-0.15,0.0
20230905,24.95,24.95,24.953,24.95,612,15270.0,0.01,0.0,0.0,0.0
20230906,24.86,24.99,24.99,24.86,3853,95802.0,0.52,0.16,0.04,0.0
20230907,24.91,24.86,25.089,24.86,3314,82529.0,0.92,-0.52,-0.13,0.0
20230908,24.85,24.93,24.98,24.85,2486,61965.0,0.52,0.28,0.07,0.0
20230911,24.98,25.048,25.048,24.961,1323,33076.0,0.35,0.47,0.118,0.0
20230912,24.91,24.96,25.06,24.9,680,16980.0,0.64,-0.35,-0.088,0.0
20230913,24.84,24.95,25.14,24.8,8407,208914.0,1.36,-0.04,-0.01,0.0
20230914,24.94,24.95,24.95,24.94,584,14569.0,0.04,0.0,0.0,0.0
20230915,24.95,24.95,24.95,24.95,641,15992.0,0.0,0.0,0.0,0.0
20230918,24.95,24.895,24.95,24.8,1461,36307.0,0.6,-0.22,-0.055,0.0
20230919,24.95,24.975,25.03,24.93,3228,80563.0,0.4,0.32,0.08,0.0
20230920,24.91,24.88,24.924,24.86,3168,78904.0,0.26,-0.38,-0.095,0.0
20230921,24.91,25.0,25.0,24.91,464,11569.0,0.36,0.48,0.12,0.0
20230922,25.001,24.91,25.099,24.91,2515,62836.0,0.76,-0.36,-0.09,0.0
20230925,25.089,24.66,25.089,24.652,2449,60875.0,1.75,-1.0,-0.25,0.0
20230926,24.79,24.72,24.988,24.72,1086,26982.0,1.09,0.24,0.06,0.0
20230927,24.99,25.1,25.1,24.99,1925,48181.0,0.44,1.54,0.38,0.0
20230928,25.05,24.96,25.1,24.7,2702,67750.0,1.59,-0.56,-0.14,0.0
20231002,25.211,25.211,25.211,25.211,143,3605.0,0.0,1.01,0.251,0.0
20231003,25.1,24.651,25.1,24.651,2080,51655.0,1.78,-2.22,-0.56,0.0
20231004,24.92,24.95,25.0,24.757,2246,56085.0,0.99,1.21,0.299,0.0
20231005,24.95,25.24,25.24,24.9,1403,35041.0,1.36,1.16,0.29,0.0
20231010,24.93,24.88,24.93,24.65,2434,60378.0,1.11,-1.43,-0.36,0.0
20231011,24.71,24.6,24.75,24.28,24398,599090.0,1.89,-1.13,-0.28,0.0
20231012,24.705,24.45,24.705,24.411,4453,109020.0,1.2,-0.61,-0.15,0.0
20231013,25.0,24.65,25.0,24.44,7246,178000.0,2.29,0.82,0.2,0.0
20231016,24.5,24.49,24.5,24.387,6186,151013.0,0.46,-0.65,-0.16,0.0
20231017,24.45,24.55,24.65,24.39,11404,279474.0,1.06,0.24,0.06,0.0
20231018,24.73,24.5,24.75,24.5,2898,71594.0,1.02,-0.2,-0.05,0.0
20231019,24.675,24.675,24.675,24.675,200,4935.0,0.0,0.71,0.175,0.0
20231020,24.625,24.88,24.98,24.625,4039,99873.0,1.44,0.83,0.205,0.0
20231023,24.705,24.88,24.886,24.705,4800,119234.0,0.73,0.0,0.0,0.0
20231024,24.75,24.76,24.783,24.75,1724,42706.0,0.13,-0.48,-0.12,0.0
20231025,24.75,24.75,24.75,24.7,2906,71894.0,0.2,-0.04,-0.01,0.0
20231026,24.8,24.8,24.8,24.7,2795,69197.0,0.4,0.2,0.05,0.0
20231027,24.88,24.95,24.95,24.566,5221,129550.0,1.55,0.6,0.15,0.0
20231030,24.95,24.95,24.95,24.95,374,9331.0,0.0,0.0,0.0,0.0
20231031,24.99,24.98,25.23,24.63,2680,66906.0,2.4,0.12,0.03,0.0
20231101,24.77,24.88,24.88,24.77,435,10799.0,0.44,-0.4,-0.1,0.0
20231102,24.919,25.23,25.25,24.919,2236,56126.0,1.33,1.41,0.35,0.0
20231103,25.22,25.12,25.44,25.12,9050,229069.0,1.27,-0.44,-0.11,0.0
20231106,25.12,25.12,25.12,25.12,70,1758.0,0.0,0.0,0.0,0.0
20231107,25.12,25.23,25.402,25.12,1629,41230.0,1.12,0.44,0.11,0.0
20231108,25.22,25.22,25.22,25.22,114,2875.0,0.0,-0.04,-0.01,0.0
20231109,25.25,25.35,25.35,25.25,614,15554.0,0.4,0.52,0.13,0.0
20231110,25.35,25.35,25.35,25.35,100,2534.0,0.0,0.0,0.0,0.0
20231113,25.19,25.4,25.4,25.19,791,20039.0,0.83,0.2,0.05,0.0
20231114,24.9,24.477,24.9,24.477,3061,75127.0,1.67,-3.63,-0.923,0.0
20231115,24.8,24.766,24.9,24.766,466,11563.0,0.55,1.18,0.289,0.0
20231116,24.86,25.106,25.106,24.8,6224,155870.0,1.24,1.37,0.34,0.0
20231117,25.35,25.15,25.35,25.15,1001,25313.0,0.8,0.18,0.044,0.0
20231120,24.95,24.95,24.95,24.95,120,2994.0,0.0,-0.8,-0.2,0.0
20231121,25.05,25.05,25.05,25.05,1225,30686.0,0.0,0.4,0.1,0.0
20231122,25.05,25.05,25.05,25.05,58,1452.0,0.0,0.0,0.0,0.0
20231124,25.05,25.05,25.05,25.05,41,1027.0,0.0,0.0,0.0,0.0
20231127,24.98,24.895,24.98,24.895,700,17472.0,0.34,-0.62,-0.155,0.0
20231128,25.04,25.21,25.21,25.04,4049,101825.0,0.68,1.27,0.315,0.0
20231129,25.15,25.15,25.15,25.15,170,4275.0,0.0,-0.24,-0.06,0.0
20231130,25.096,25.31,25.33,25.096,1321,33373.0,0.93,0.64,0.16,0.0
20231201,25.31,25.31,25.31,25.31,51,1290.0,0.0,0.0,0.0,0.0
20231204,25.0,25.34,25.34,25.0,1149,28760.0,1.34,0.12,0.03,0.0
20231205,25.34,25.34,25.34,25.34,180,4561.0,0.0,0.0,0.0,0.0
20231206,25.34,25.34,25.34,25.34,3,76.0,0.0,0.0,0.0,0.0
20231207,25.34,25.188,25.35,25.08,1127,28416.0,1.07,-0.6,-0.152,0.0
20231208,25.1,25.35,25.35,25.1,638,16117.0,0.99,0.64,0.162,0.0
20231212,25.11,25.15,25.15,25.1,825,20715.0,0.2,-0.79,-0.2,0.0
20231214,25.23,25.18,25.27,25.18,759,19140.0,0.36,0.12,0.03,0.0
20231215,25.04,25.02,25.06,25.02,2910,72874.0,0.16,-0.64,-0.16,0.0
20231218,25.15,25.15,25.21,25.01,4293,107911.0,0.8,0.52,0.13,0.0
20231219,25.22,25.23,25.26,25.22,614,15491.0,0.16,0.32,0.08,0.0
20231220,25.3,25.247,25.35,25.16,4391,110974.0,0.75,0.07,0.017,0.0
20231221,25.327,25.17,25.327,25.15,2847,71754.0,0.7,-0.3,-0.077,0.0
20231222,25.23,25.23,25.23,25.23,603,15213.0,0.0,0.24,0.06,0.0
20231226,25.15,25.24,25.24,25.07,2787,70141.0,0.67,0.04,0.01,0.0
20231227,25.16,25.17,25.225,25.16,1344,33829.0,0.26,-0.28,-0.07,0.0
20231228,25.16,25.2,25.23,25.08,3478,87612.0,0.6,0.12,0.03,0.0
20231229,25.219,25.1,25.24,25.1,2120,53366.0,0.56,-0.4,-0.1,0.0
20240102,25.15,25.35,25.35,25.06,4240,106722.0,1.16,1.0,0.25,0.0
20240103,25.3,25.28,25.3,25.05,3960,99656.0,0.99,-0.28,-0.07,0.0
20240104,25.228,25.25,25.328,25.11,4181,105139.0,0.86,-0.12,-0.03,0.0
20240105,25.25,25.25,25.25,25.25,432,10908.0,0.0,0.0,0.0,0.0
20240108,25.13,25.11,25.13,25.11,246,6179.0,0.08,-0.55,-0.14,0.0
20240109,25.15,25.13,25.15,25.1,1502,37718.0,0.2,0.08,0.02,0.0
20240110,25.18,25.15,25.41,25.15,3276,82634.0,1.03,0.08,0.02,0.0
20240111,25.1,25.17,25.288,25.1,6390,161020.0,0.75,0.08,0.02,0.0
20240116,25.34,25.21,25.39,25.21,1843,46733.0,0.72,0.16,0.04,0.0
20240117,25.42,25.25,25.42,25.25,733,18590.0,0.67,0.16,0.04,0.0
20240118,25.3,25.3,25.3,25.25,1316,33248.0,0.2,0.2,0.05,0.0
20240119,25.323,25.3,25.323,25.299,2573,65101.0,0.09,0.0,0.0,0.0
20240122,25.26,25.26,25.26,25.26,1379,34833.0,0.0,-0.16,-0.04,0.0
20240123,25.3,25.3,25.453,25.25,11123,281154.0,0.8,0.16,0.04,0.0
20240124,25.3,25.3,25.3,25.3,5,126.0,0.0,0.0,0.0,0.0
20240125,25.26,25.26,25.26,25.26,361,9118.0,0.0,-0.16,-0.04,0.0
20240126,25.35,25.35,25.376,25.35,1175,29791.0,0.1,0.36,0.09,0.0
20240129,25.26,25.296,25.296,25.26,565,14288.0,0.14,-0.21,-0.054,0.0
20240130,25.395,25.25,25.395,25.16,16791,423312.0,0.93,-0.18,-0.046,0.0
20240131,25.2,25.29,25.37,25.2,4887,123528.0,0.67,0.16,0.04,0.0
20240201,25.337,25.337,25.337,25.337,790,20015.0,0.0,0.19,0.047,0.0
20240202,25.29,25.25,25.38,25.2,6456,162932.0,0.71,-0.34,-0.087,0.0
20240205,25.303,25.48,25.52,25.22,6589,166984.0,1.19,0.91,0.23,0.0
20240206,25.26,25.26,25.26,25.26,183,4622.0,0.0,-0.86,-0.22,0.0
20240207,25.35,25.284,25.35,25.284,1125,28476.0,0.26,0.1,0.024,0.0
20240208,25.4,25.31,25.47,25.31,2662,67419.0,0.63,0.1,0.026,0.0
20240209,25.405,25.47,25.48,25.326,3295,83761.0,0.61,0.63,0.16,0.0
20240212,25.38,25.39,25.39,25.38,481,12209.0,0.04,-0.31,-0.08,0.0
20240213,25.393,25.393,25.393,25.393,823,20898.0,0.0,0.01,0.003,0.0
20240214,25.2,25.05,25.2,25.01,5061,127064.0,0.75,-1.35,-0.343,0.0
20240215,25.06,25.17,25.27,25.05,4575,115003.0,0.88,0.48,0.12,0.0
20240216,25.151,25.255,25.255,25.151,700,17625.0,0.41,0.34,0.085,0.0
20240220,25.28,25.123,25.28,25.05,2723,68271.0,0.91,-0.52,-0.132,0.0
20240221,25.06,25.04,25.22,25.02,10072,252186.0,0.8,-0.33,-0.083,0.0
20240222,25.105,25.05,25.105,25.05,858,21514.0,0.22,0.04,0.01,0.0
20240223,25.05,25.06,25.07,25.05,1056,26467.0,0.08,0.04,0.01,0.0
20240226,25.07,25.06,25.07,24.96,4306,107799.0,0.44,0.0,0.0,0.0
20240227,25.06,25.0,25.07,24.87,15227,380414.0,0.8,-0.24,-0.06,0.0
20240228,25.0,25.0,25.0,25.0,52,1300.0,0.0,0.0,0.0,0.0
20240229,25.01,25.1,25.1,25.01,1658,41488.0,0.36,0.4,0.1,0.0
20240301,25.05,24.99,25.166,24.933,7500,187775.0,0.93,-0.44,-0.11,0.0
20240304,25.04,25.04,25.043,25.0,3963,99238.0,0.17,0.2,0.05,0.0
20240305,25.02,24.99,25.05,24.99,3746,93686.0,0.24,-0.2,-0.05,0.0
20240306,25.05,25.113,25.14,25.05,3697,92787.0,0.36,0.49,0.123,0.0
20240307,25.113,25.113,25.113,25.113,5,125.0,0.0,0.0,0.0,0.0
20240308,25.06,25.082,25.082,25.06,937,23491.0,0.09,-0.12,-0.031,0.0
20240311,25.05,25.1,25.1,25.05,2235,56034.0,0.2,0.07,0.018,0.0
20240312,25.1,25.109,25.109,25.1,3211,80602.0,0.04,0.04,0.009,0.0
20240313,25.12,25.05,25.12,25.05,667,16741.0,0.28,-0.23,-0.059,0.0
20240314,25.06,25.05,25.06,25.05,8426,211153.0,0.04,0.0,0.0,0.0
20240315,25.05,25.05,25.05,25.05,721,18061.0,0.0,0.0,0.0,0.0
20240318,25.05,25.05,25.05,25.0,1584,39672.0,0.2,0.0,0.0,0.0
20240319,25.05,25.05,25.07,25.0,21247,532232.0,0.28,0.0,0.0,0.0
20240320,25.07,25.09,25.095,25.07,1356,34010.0,0.1,0.16,0.04,0.0
20240321,25.06,25.094,25.1,25.06,1899,47631.0,0.16,0.02,0.004,0.0
20240322,25.097,25.22,25.22,25.088,5946,149373.0,0.53,0.5,0.126,0.0
20240325,25.127,25.18,25.18,25.1,3593,90223.0,0.32,-0.16,-0.04,0.0
20240326,25.108,25.18,25.18,25.1,2664,66899.0,0.32,0.0,0.0,0.0
20240327,25.1,25.1,25.11,25.1,4593,115314.0,0.04,-0.32,-0.08,0.0
20240328,25.1,25.1,25.145,25.1,2373,59592.0,0.18,0.0,0.0,0.0
20240401,25.1,25.1,25.18,25.1,973,24463.0,0.32,0.0,0.0,0.0
20240402,25.1,25.1,25.15,25.1,9445,237193.0,0.2,0.0,0.0,0.0
20240403,25.17,25.17,25.17,25.17,1087,27359.0,0.0,0.28,0.07,0.0
20240404,25.17,25.17,25.17,25.17,477,12006.0,0.0,0.0,0.0,0.0
20240405,25.155,25.18,25.18,25.155,540,13592.0,0.1,0.04,0.01,0.0
20240408,25.14,25.13,25.17,25.13,4010,100810.0,0.16,-0.2,-0.05,0.0
20240409,25.19,25.13,25.19,25.13,685,17214.0,0.24,0.0,0.0,0.0
20240410,25.13,24.91,25.13,24.9,3895,97453.0,0.92,-0.88,-0.22,0.0
20240411,25.14,25.1,25.14,24.9,2677,66855.0,0.96,0.76,0.19,0.0
20240412,25.08,25.0,25.08,25.0,752,18809.0,0.32,-0.4,-0.1,0.0
20240415,24.92,24.87,24.98,24.822,10167,252820.0,0.63,-0.52,-0.13,0.0
20240416,24.92,24.85,24.93,24.85,3553,88455.0,0.32,-0.08,-0.02,0.0
20240417,24.956,24.97,25.0,24.84,5266,131157.0,0.64,0.48,0.12,0.0
20240418,25.0,24.99,25.08,24.99,645,16132.0,0.36,0.08,0.02,0.0
20240422,24.89,25.05,25.05,24.89,1739,43449.0,0.64,0.24,0.06,0.0
20240423,25.06,25.16,25.16,25.06,941,23641.0,0.4,0.44,0.11,0.0
20240424,25.03,25.075,25.16,24.87,17384,433706.0,1.15,-0.34,-0.085,0.0
20240425,25.0,25.1,25.1,25.0,644,16112.0,0.4,0.1,0.025,0.0
20240426,25.12,25.05,25.15,25.05,2154,54140.0,0.4,-0.2,-0.05,0.0
20240429,25.17,25.11,25.179,25.025,3841,96616.0,0.61,0.24,0.06,0.0
20240430,25.16,25.094,25.16,25.094,3298,82893.0,0.26,-0.06,-0.016,0.0
20240501,25.2,25.25,25.25,25.191,1466,36951.0,0.24,0.62,0.156,0.0
20240502,25.39,25.38,25.39,25.38,596,15128.0,0.04,0.51,0.13,0.0
20240503,25.38,25.38,25.38,25.38,277,7030.0,0.0,0.0,0.0,0.0
20240506,25.35,25.35,25.39,25.35,2584,65541.0,0.16,-0.12,-0.03,0.0
20240507,25.375,25.35,25.375,25.33,2135,54127.0,0.18,0.0,0.0,0.0
20240508,25.3,25.35,25.375,25.3,796,20164.0,0.3,0.0,0.0,0.0
20240509,25.3,25.3,25.4,25.3,895,22665.0,0.39,-0.2,-0.05,0.0
20240510,25.3,25.3,25.3,25.3,7,177.0,0.0,0.0,0.0,0.0
20240513,25.361,25.38,25.38,25.36,3386,85897.0,0.08,0.32,0.08,0.0
20240514,24.93,24.9,25.0,24.9,2635,65749.0,0.39,-1.89,-0.48,0.0
20240515,24.95,24.955,25.0,24.92,4156,103726.0,0.32,0.22,0.055,0.0
20240516,24.99,24.97,25.0,24.94,4414,110259.0,0.24,0.06,0.015,0.0
20240517,24.97,24.97,24.97,24.97,267,6666.0,0.0,0.0,0.0,0.0
20240520,25.0,25.0,25.0,24.97,1059,26471.0,0.12,0.12,0.03,0.0
20240521,25.0,25.04,25.105,25.0,9062,226692.0,0.42,0.16,0.04,0.0
20240522,25.0,25.0,25.066,25.0,4567,114245.0,0.26,-0.16,-0.04,0.0
20240523,24.983,25.013,25.013,24.983,742,18552.0,0.12,0.05,0.013,0.0
20240524,25.0,25.0,25.017,24.9,3854,96307.0,0.47,-0.05,-0.013,0.0
20240528,24.976,25.0,25.01,24.9,3320,82911.0,0.44,0.0,0.0,0.0
20240529,25.0,24.82,25.028,24.82,11049,275766.0,0.83,-0.72,-0.18,0.0
20240530,25.0,24.91,25.0,24.9,1696,42350.0,0.4,0.36,0.09,0.0
20240531,24.81,24.994,25.0,24.81,12556,313299.0,0.76,0.34,0.084,0.0
20240603,25.14,25.11,25.14,25.0,3950,98947.0,0.56,0.46,0.116,0.0
20240604,25.15,25.085,25.15,25.0,4000,100151.0,0.6,-0.1,-0.025,0.0
20240605,25.171,25.14,25.171,25.06,2643,66484.0,0.44,0.22,0.055,0.0
20240606,25.075,25.099,25.1,25.05,2019,50664.0,0.2,-0.16,-0.041,0.0
20240607,25.099,25.099,25.099,25.099,104,2610.0,0.0,0.0,0.0,0.0
20240610,25.087,25.048,25.1,25.048,3023,75820.0,0.21,-0.2,-0.051,0.0
20240611,25.06,25.06,25.06,25.0,868,21744.0,0.24,0.05,0.012,0.0
20240612,25.35,25.06,25.35,25.05,7959,199808.0,1.2,0.0,0.0,0.0
20240613,25.1,25.03,25.1,25.03,233,5840.0,0.28,-0.12,-0.03,0.0
20240614,25.03,25.03,25.03,25.03,22,550.0,0.0,0.0,0.0,0.0
20240617,25.0,25.0,25.0,25.0,2118,52950.0,0.0,-0.12,-0.03,0.0
20240618,25.0,25.055,25.055,25.0,1299,32519.0,0.22,0.22,0.055,0.0
20240620,25.06,25.06,25.06,25.06,1181,29595.0,0.0,0.02,0.005,0.0
20240621,25.06,25.03,25.082,25.03,1985,49749.0,0.21,-0.12,-0.03,0.0
20240624,25.03,24.99,25.091,24.99,6874,172010.0,0.4,-0.16,-0.04,0.0
20240625,24.99,24.99,24.99,24.99,101,2523.0,0.0,0.0,0.0,0.0
20240626,25.0,24.99,25.033,24.9,3021,75392.0,0.53,0.0,0.0,0.0
20240627,25.02,25.15,25.15,25.006,1358,34084.0,0.58,0.64,0.16,0.0
20240628,25.09,25.09,25.14,25.09,2018,50637.0,0.2,-0.24,-0.06,0.0
20240701,25.104,25.104,25.104,25.104,230,5773.0,0.0,0.06,0.014,0.0
20240702,25.143,25.15,25.15,25.111,2573,64688.0,0.16,0.18,0.046,0.0
20240703,25.12,25.11,25.14,25.07,1357,34062.0,0.28,-0.16,-0.04,0.0
20240705,25.13,25.01,25.13,25.01,2931,73495.0,0.48,-0.4,-0.1,0.0
20240708,25.07,25.07,25.07,25.07,208,5214.0,0.0,0.24,0.06,0.0
20240709,25.141,25.08,25.141,25.08,474,11905.0,0.24,0.04,0.01,0.0
20240710,25.14,25.14,25.14,25.14,418,10508.0,0.0,0.24,0.06,0.0
20240711,25.15,25.133,25.15,25.13,1554,39075.0,0.08,-0.03,-0.007,0.0
20240712,25.14,25.07,25.14,25.07,3279,82288.0,0.28,-0.25,-0.063,0.0
20240715,25.14,25.165,25.34,25.14,12712,320802.0,0.8,0.38,0.095,0.0
20240716,25.35,25.15,25.4,25.15,1829,46192.0,0.99,-0.06,-0.015,0.0
20240717,25.35,25.35,25.35,25.35,391,9911.0,0.0,0.8,0.2,0.0
20240718,25.35,25.3,25.35,25.2,2109,53287.0,0.59,-0.2,-0.05,0.0
20240719,25.25,25.09,25.27,24.99,13060,327723.0,1.11,-0.83,-0.21,0.0
20240722,25.14,25.06,25.23,25.05,4595,115384.0,0.72,-0.12,-0.03,0.0
20240723,25.1,25.14,25.15,25.051,9050,227158.0,0.4,0.32,0.08,0.0
20240724,25.125,25.04,25.125,25.04,3973,99682.0,0.34,-0.4,-0.1,0.0
20240725,25.13,25.05,25.13,25.05,4881,122319.0,0.32,0.04,0.01,0.0
20240726,25.073,25.21,25.21,25.07,5618,140999.0,0.56,0.64,0.16,0.0
20240729,25.2,25.2,25.2,25.2,223,5619.0,0.0,-0.04,-0.01,0.0
20240730,25.19,25.245,25.245,25.19,1211,30563.0,0.22,0.18,0.045,0.0
20240731,25.24,25.24,25.24,25.24,306,7723.0,0.0,-0.02,-0.005,0.0
20240801,25.25,25.361,25.361,25.25,1692,42795.0,0.44,0.48,0.121,0.0
20240802,25.36,25.26,25.37,25.16,8747,221363.0,0.83,-0.4,-0.101,0.0
20240805,25.26,25.4,25.4,25.06,4297,108552.0,1.35,0.55,0.14,0.0
20240806,25.176,25.176,25.176,25.176,1254,31571.0,0.0,-0.88,-0.224,0.0
20240807,25.228,25.291,25.291,25.228,715,18067.0,0.25,0.46,0.115,0.0
20240808,25.22,25.34,25.44,25.22,6770,171117.0,0.87,0.19,0.049,0.0
20240809,25.41,25.45,25.476,25.38,5642,143542.0,0.38,0.43,0.11,0.0
20240812,25.46,25.27,25.46,25.235,6277,158862.0,0.88,-0.71,-0.18,0.0
20240813,25.46,25.4,25.46,25.32,3408,86586.0,0.55,0.51,0.13,0.0
20240814,25.39,25.38,25.39,25.25,3908,98978.0,0.55,-0.08,-0.02,0.0
20240815,25.0,24.981,25.0,24.9,7098,177264.0,0.39,-1.57,-0.399,0.0
20240816,25.09,25.05,25.09,24.957,7699,192535.0,0.53,0.28,0.069,0.0
20240819,25.005,25.031,25.031,25.005,1159,28996.0,0.1,-0.08,-0.019,0.0
20240820,25.04,25.1,25.14,25.03,6349,159325.0,0.44,0.28,0.069,0.0
20240821,25.1,25.02,25.1,25.0,2186,54783.0,0.4,-0.32,-0.08,0.0
20240822,25.01,25.12,25.12,25.01,7167,179671.0,0.44,0.4,0.1,0.0
20240823,25.1,25.05,25.124,25.05,1783,44729.0,0.29,-0.28,-0.07,0.0
20240826,25.08,25.09,25.09,25.08,851,21345.0,0.04,0.16,0.04,0.0
20240827,25.09,25.15,25.15,25.09,1044,26242.0,0.24,0.24,0.06,0.0
20240828,25.21,25.185,25.21,25.15,2647,66649.0,0.24,0.14,0.035,0.0
20240829,25.2,25.28,25.28,25.2,624,15764.0,0.32,0.38,0.095,0.0
20240830,25.28,25.28,25.28,25.28,5,126.0,0.0,0.0,0.0,0.0
20240903,25.28,25.28,25.28,25.28,173,4373.0,0.0,0.0,0.0,0.0
20240904,25.26,25.28,25.28,25.26,987,24940.0,0.08,0.0,0.0,0.0
20240905,25.46,25.43,25.46,25.43,374,9518.0,0.12,0.59,0.15,0.0
20240906,25.28,25.43,25.43,25.28,2029,51372.0,0.59,0.0,0.0,0.0
20240909,25.328,25.328,25.328,25.328,262,6636.0,0.0,-0.4,-0.102,0.0
20240910,25.29,25.293,25.293,25.29,2281,57688.0,0.01,-0.14,-0.035,0.0
20240911,25.289,25.28,25.29,25.28,1829,46241.0,0.04,-0.05,-0.013,0.0
20240912,25.281,25.305,25.305,25.19,1130,28558.0,0.45,0.1,0.025,0.0
20240913,25.28,25.23,25.39,25.23,5564,140771.0,0.63,-0.3,-0.075,0.0
20240916,25.35,25.35,25.35,25.35,156,3954.0,0.0,0.48,0.12,0.0
20240917,25.35,25.35,25.35,25.35,32,811.0,0.0,0.0,0.0,0.0
20240918,25.27,25.205,25.36,25.13,9037,228250.0,0.91,-0.57,-0.145,0.0
20240919,25.35,25.23,25.4,25.23,1136,28789.0,0.67,0.1,0.025,0.0
20240920,25.23,25.23,25.23,25.23,115,2901.0,0.0,0.0,0.0,0.0
20240923,25.285,25.32,25.32,25.285,1269,32106.0,0.14,0.36,0.09,0.0
20240924,25.4,25.4,25.4,25.27,3088,78322.0,0.51,0.32,0.08,0.0
20240925,25.42,25.45,25.45,25.302,4885,124022.0,0.58,0.2,0.05,0.0
20240926,25.4,25.3,25.4,25.26,4836,122378.0,0.55,-0.59,-0.15,0.0
20240927,25.389,25.38,25.4,25.3,2803,71096.0,0.4,0.32,0.08,0.0
20240930,25.41,25.258,25.41,25.25,5836,147576.0,0.63,-0.48,-0.122,0.0
20241001,25.335,25.46,25.46,25.335,2172,55263.0,0.49,0.8,0.202,0.0
20241002,25.46,25.46,25.46,25.46,476,12118.0,0.0,0.0,0.0,0.0
20241003,25.46,25.38,25.46,25.24,3325,84221.0,0.86,-0.31,-0.08,0.0
20241004,25.29,25.42,25.45,25.24,13533,343149.0,0.83,0.16,0.04,0.0
20241007,25.31,25.3,25.32,25.3,2641,66833.0,0.08,-0.47,-0.12,0.0
20241008,25.3,25.32,25.368,25.25,5470,138484.0,0.47,0.08,0.02,0.0
20241009,25.3,25.23,25.336,25.22,14936,377123.0,0.46,-0.36,-0.09,0.0
20241010,25.22,25.31,25.31,25.22,3756,94849.0,0.36,0.32,0.08,0.0
20241011,25.3,25.22,25.3,25.22,669,16896.0,0.32,-0.36,-0.09,0.0
20241014,25.252,25.3,25.3,25.25,2358,59625.0,0.2,0.32,0.08,0.0
20241015,25.3,25.35,25.35,25.25,4495,113741.0,0.4,0.2,0.05,0.0
20241016,25.35,25.361,25.37,25.35,3530,89507.0,0.08,0.04,0.011,0.0
20241017,25.32,25.31,25.32,25.3,698,17666.0,0.08,-0.2,-0.051,0.0
20241018,25.34,25.38,25.38,25.3,1478,37454.0,0.32,0.28,0.07,0.0
20241021,25.3,25.35,25.35,25.3,950,24074.0,0.2,-0.12,-0.03,0.0
20241022,25.35,25.316,25.35,25.316,1400,35452.0,0.13,-0.13,-0.034,0.0
20241023,25.32,25.34,25.34,25.32,300,7598.0,0.08,0.09,0.024,0.0
20241024,25.3,25.3,25.3,25.3,400,10120.0,0.0,-0.16,-0.04,0.0
20241025,25.3,25.3,25.3,25.3,384,9715.0,0.0,0.0,0.0,0.0
20241028,25.35,25.34,25.38,25.34,1635,41474.0,0.16,0.16,0.04,0.0
20241029,25.45,25.32,25.45,25.32,360,9146.0,0.51,-0.08,-0.02,0.0
20241030,25.4,25.4,25.44,25.4,1388,35284.0,0.16,0.32,0.08,0.0
20241031,25.4,25.41,25.455,25.4,2249,57189.0,0.22,0.04,0.01,0.0
20241101,25.34,25.347,25.347,25.34,345,8743.0,0.03,-0.25,-0.063,0.0
20241104,25.33,25.34,25.379,25.329,6006,152213.0,0.2,-0.03,-0.007,0.0
20241105,25.373,25.391,25.391,25.373,540,13703.0,0.07,0.2,0.051,0.0
20241106,25.351,25.35,25.351,25.35,300,7605.0,0.0,-0.16,-0.041,0.0
20241107,25.28,25.4,25.4,25.28,1917,48598.0,0.47,0.2,0.05,0.0
20241108,25.45,25.436,25.45,25.349,2803,71238.0,0.4,0.14,0.036,0.0
20241111,25.45,25.48,25.48,25.45,716,18226.0,0.12,0.17,0.044,0.0
20241112,25.455,25.455,25.455,25.455,474,12065.0,0.0,-0.1,-0.025,0.0
20241113,25.46,25.48,25.48,25.46,1353,34471.0,0.08,0.1,0.025,0.0
20241114,25.42,25.6,25.6,25.42,2168,55324.0,0.71,0.47,0.12,0.0
20241115,25.17,25.06,25.18,25.0,3883,97256.0,0.7,-2.11,-0.54,0.0
20241118,25.06,25.02,25.1,25.019,5034,125988.0,0.32,-0.16,-0.04,0.0
20241119,25.03,25.05,25.05,25.01,819,20500.0,0.16,0.12,0.03,0.0
20241120,25.085,25.01,25.146,25.01,1353,33935.0,0.54,-0.16,-0.04,0.0
20241121,25.12,25.02,25.15,25.02,10980,274797.0,0.52,0.04,0.01,0.0
20241122,25.08,25.14,25.14,25.07,1569,39365.0,0.28,0.48,0.12,0.0
20241125,25.13,25.229,25.229,25.13,6290,158356.0,0.39,0.35,0.089,0.0
20241126,25.24,25.12,25.24,25.12,1029,25873.0,0.48,-0.43,-0.109,0.0
20241127,25.14,25.056,25.14,25.056,2147,53834.0,0.33,-0.25,-0.064,0.0
20241129,25.06,25.048,25.1,25.0,7981,199833.0,0.4,-0.03,-0.008,0.0
20241202,25.12,25.12,25.13,25.04,16481,413255.0,0.36,0.29,0.072,0.0
20241203,25.12,25.2,25.213,25.12,4635,116667.0,0.37,0.32,0.08,0.0
20241204,25.24,25.262,25.35,25.217,8099,204752.0,0.53,0.25,0.062,0.0
20241205,25.32,25.27,25.32,25.27,1074,27151.0,0.2,0.03,0.008,0.0
20241206,25.275,25.25,25.277,25.25,1485,37526.0,0.11,-0.08,-0.02,0.0
20241209,25.216,25.21,25.22,25.2,2825,71202.0,0.08,-0.16,-0.04,0.0
20241210,25.2,25.22,25.24,25.2,2169,54706.0,0.16,0.04,0.01,0.0
20241211,25.2,25.2,25.2,25.2,200,5040.0,0.0,-0.08,-0.02,0.0
20241212,25.28,25.26,25.28,25.26,803,20289.0,0.08,0.24,0.06,0.0
20241213,25.2,25.03,25.2,25.03,8265,207018.0,0.67,-0.91,-0.23,0.0
20241216,25.13,25.137,25.24,25.13,1287,32414.0,0.44,0.43,0.107,0.0
20241217,25.2,25.2,25.25,25.2,2558,64519.0,0.2,0.25,0.063,0.0
20241218,25.2,25.17,25.2,25.17,764,19248.0,0.12,-0.12,-0.03,0.0
20241219,25.208,25.2,25.225,25.2,991,24983.0,0.1,0.12,0.03,0.0
20241220,25.16,25.16,25.174,25.16,1199,30176.0,0.06,-0.16,-0.04,0.0
20241223,25.18,25.08,25.29,25.04,7810,196582.0,0.99,-0.32,-0.08,0.0
20241224,25.157,25.198,25.198,25.157,427,10748.0,0.16,0.47,0.118,0.0
20241226,25.25,25.28,25.3,25.25,1422,35930.0,0.2,0.33,0.082,0.0
20241227,25.435,25.52,25.52,25.37,3013,76604.0,0.59,0.95,0.24,0.0
20241230,25.49,25.335,25.49,25.279,3230,82001.0,0.83,-0.72,-0.185,0.0
20241231,25.3,25.371,25.371,25.3,688,17421.0,0.28,0.14,0.036,0.0
20250102,25.318,25.3,25.318,25.297,711,17990.0,0.08,-0.28,-0.071,0.0
20250103,25.3,25.3,25.3,25.3,273,6906.0,0.0,0.0,0.0,0.0
20250106,25.3,25.45,25.45,25.3,467,11855.0,0.59,0.59,0.15,0.0
20250107,25.35,25.33,25.35,25.324,1317,33356.0,0.1,-0.47,-0.12,0.0
20250108,25.31,25.405,25.405,25.31,2165,54892.0,0.38,0.3,0.075,0.0
20250110,25.32,25.5,25.5,25.32,501,12730.0,0.71,0.37,0.095,0.0
20250113,25.45,25.45,25.45,25.45,536,13641.0,0.0,-0.2,-0.05,0.0
20250114,25.34,25.44,25.44,25.23,11081,280318.0,0.83,-0.04,-0.01,0.0
20250115,25.4,25.4,25.4,25.35,884,22433.0,0.2,-0.16,-0.04,0.0
20250116,25.36,25.33,25.42,25.32,1279,32419.0,0.39,-0.28,-0.07,0.0
20250117,25.35,25.3,25.35,25.3,702,17769.0,0.2,-0.12,-0.03,0.0
20250121,25.314,25.39,25.39,25.314,905,22932.0,0.3,0.36,0.09,0.0
20250122,25.38,25.413,25.413,25.26,2553,64737.0,0.6,0.09,0.023,0.0
20250123,25.25,25.44,25.44,25.25,3156,80177.0,0.75,0.11,0.027,0.0
20250124,25.312,25.37,25.41,25.312,1901,48205.0,0.39,-0.28,-0.07,0.0
20250127,25.28,25.45,25.45,25.28,3542,89805.0,0.67,0.32,0.08,0.0
20250128,25.4,25.5,25.518,25.31,6834,173493.0,0.82,0.2,0.05,0.0
20250129,25.4,25.34,25.51,25.32,2715,68860.0,0.75,-0.63,-0.16,0.0
20250130,25.34,25.34,25.34,25.34,154,3902.0,0.0,0.0,0.0,0.0
20250131,25.398,25.43,25.43,25.398,427,10851.0,0.13,0.36,0.09,0.0
20250203,25.35,25.373,25.44,25.35,5291,134141.0,0.35,-0.22,-0.057,0.0
20250204,25.373,25.373,25.373,25.373,136,3450.0,0.0,0.0,0.0,0.0
20250205,25.38,25.48,25.56,25.38,2296,58444.0,0.71,0.42,0.107,0.0
20250206,25.45,25.37,25.47,25.3,5796,146989.0,0.67,-0.43,-0.11,0.0
20250207,25.46,25.4,25.464,25.4,2169,55151.0,0.25,0.12,0.03,0.0
20250210,25.4,25.421,25.48,25.4,2321,59024.0,0.31,0.08,0.021,0.0
20250211,25.44,25.42,25.441,25.42,651,16557.0,0.08,0.0,-0.001,0.0
20250212,25.4,25.45,25.5,25.4,8438,214741.0,0.39,0.12,0.03,0.0
20250213,25.45,25.5,25.5,25.424,3213,81785.0,0.3,0.2,0.05,0.0
20250214,25.05,25.211,25.211,25.05,16126,404993.0,0.63,-1.13,-0.289,0.0
20250218,25.2,25.22,25.22,25.082,4689,118101.0,0.55,0.04,0.009,0.0
20250219,25.12,25.27,25.27,25.12,7737,194625.0,0.59,0.2,0.05,0.0
20250220,25.15,25.253,25.253,25.15,1253,31599.0,0.41,-0.07,-0.017,0.0
20250221,25.13,25.22,25.22,25.09,1558,39211.0,0.51,-0.13,-0.033,0.0
20250224,25.2,25.24,25.35,25.161,1272,32069.0,0.75,0.08,0.02,0.0
20250225,25.24,25.24,25.24,25.24,54,1362.0,0.0,0.0,0.0,0.0
20250226,25.24,25.24,25.24,25.24,139,3508.0,0.0,0.0,0.0,0.0
20250227,25.24,25.24,25.24,25.24,88,2221.0,0.0,0.0,0.0,0.0
20250228,25.21,25.26,25.26,25.21,492,12411.0,0.2,0.08,0.02,0.0
20250303,25.5,25.45,25.5,25.45,519,13221.0,0.2,0.75,0.19,0.0
20250304,25.21,25.21,25.21,25.21,182,4588.0,0.0,-0.94,-0.24,0.0
20250305,25.393,25.449,25.47,25.393,1600,40700.0,0.31,0.95,0.239,0.0
20250307,25.259,25.259,25.259,25.259,202,5102.0,0.0,-0.75,-0.19,0.0
20250310,25.22,25.22,25.279,24.94,10079,253724.0,1.34,-0.15,-0.039,0.0
20250311,25.09,25.04,25.094,25.01,3459,86618.0,0.33,-0.71,-0.18,0.0
20250312,25.08,25.08,25.08,25.08,365,9154.0,0.0,0.16,0.04,0.0
20250313,25.02,25.072,25.092,25.02,2326,58254.0,0.29,-0.03,-0.008,0.0
20250314,25.164,25.2,25.21,25.07,10082,253823.0,0.56,0.51,0.128,0.0
20250317,25.11,25.2,25.2,25.1,6720,169118.0,0.4,0.0,0.0,0.0
20250318,25.2,25.328,25.328,25.2,1334,33700.0,0.51,0.51,0.128,0.0
20250319,25.33,25.24,25.4,25.24,2447,62004.0,0.63,-0.35,-0.088,0.0
20250320,25.328,25.328,25.328,25.328,271,6863.0,0.0,0.35,0.088,0.0
20250321,25.5,25.5,25.5,25.5,446,11373.0,0.0,0.68,0.172,0.0
20250324,25.4,25.47,25.47,25.4,642,16318.0,0.27,-0.12,-0.03,0.0
20250325,25.435,25.43,25.435,25.43,608,15462.0,0.02,-0.16,-0.04,0.0
20250326,25.3,25.3,25.349,25.3,923,23362.0,0.19,-0.51,-0.13,0.0
20250327,25.311,25.472,25.492,25.311,706,17950.0,0.72,0.68,0.172,0.0
20250331,25.34,25.411,25.424,25.34,1236,31411.0,0.33,-0.24,-0.061,0.0
20250401,25.411,25.411,25.411,25.411,77,1956.0,0.0,0.0,0.0,0.0
20250402,25.32,25.32,25.32,25.32,110,2785.0,0.0,-0.36,-0.091,0.0
20250403,25.21,25.3,25.3,25.21,800,20222.0,0.36,-0.08,-0.02,0.0
20250404,25.3,25.25,25.324,25.21,5953,150544.0,0.45,-0.2,-0.05,0.0
20250407,25.15,25.2,25.22,24.74,17838,447872.0,1.9,-0.2,-0.05,0.0
20250408,25.2,25.21,25.28,25.0,4122,103759.0,1.11,0.04,0.01,0.0
20250409,25.1,25.35,25.48,25.1,3842,96949.0,1.51,0.56,0.14,0.0
20250410,25.199,25.151,25.428,25.151,4664,117994.0,1.09,-0.79,-0.199,0.0
20250411,25.1,25.1,25.1,25.1,1104,27710.0,0.0,-0.2,-0.051,0.0
20250414,25.12,25.24,25.4,25.12,3146,79648.0,1.12,0.56,0.14,0.0
20250415,25.24,25.24,25.24,25.24,17,429.0,0.0,0.0,0.0,0.0
20250416,25.32,25.32,25.409,25.3,972,24613.0,0.43,0.32,0.08,0.0
20250417,25.318,25.3,25.32,25.3,2017,51058.0,0.08,-0.08,-0.02,0.0
20250421,25.374,25.31,25.478,25.3,4801,121763.0,0.7,0.04,0.01,0.0
20250422,25.3,25.4,25.4,25.3,839,21299.0,0.4,0.36,0.09,0.0
20250423,25.4,25.4,25.4,25.4,1397,35483.0,0.0,0.0,0.0,0.0
20250424,25.32,25.45,25.455,25.32,442,11230.0,0.53,0.2,0.05,0.0
20250425,25.4,25.4,25.4,25.4,147,3733.0,0.0,-0.2,-0.05,0.0
20250428,25.32,25.48,25.5,25.32,2955,75163.0,0.71,0.31,0.08,0.0
20250429,25.5,25.5,25.5,25.5,112,2856.0,0.0,0.08,0.02,0.0
20250430,25.495,25.5,25.5,25.495,544,13870.0,0.02,0.0,0.0,0.0
20250502,25.48,25.534,25.57,25.48,1353,34561.0,0.35,0.13,0.034,0.0
20250505,25.65,25.651,25.704,25.65,1680,43128.0,0.21,0.46,0.117,0.0
20250506,25.75,25.687,25.75,25.65,1311,33665.0,0.39,0.14,0.036,0.0
20250507,25.65,25.618,25.75,25.6,3388,86904.0,0.58,-0.27,-0.069,0.0
20250508,25.3,25.525,25.57,25.26,5810,147573.0,1.21,-0.36,-0.093,0.0
20250509,25.65,25.48,25.71,25.41,3441,87985.0,1.18,-0.18,-0.045,0.0
20250513,25.553,25.6,25.6,25.553,513,13116.0,0.18,0.47,0.12,0.0
20250514,25.33,25.33,25.33,25.33,615,15577.0,0.0,-1.05,-0.27,0.0
20250515,25.1,25.4,25.4,25.1,1922,48341.0,1.18,0.28,0.07,0.0
20250516,25.4,25.26,25.4,25.235,2155,54549.0,0.65,-0.55,-0.14,0.0
20250519,25.5,25.5,25.5,25.5,725,18487.0,0.0,0.95,0.24,0.0
20250520,25.218,25.434,25.434,25.218,5763,145732.0,0.85,-0.26,-0.066,0.0
20250521,25.42,25.32,25.61,25.3,3728,94918.0,1.22,-0.45,-0.114,0.0
20250522,25.279,25.31,25.62,25.279,4803,121866.0,1.35,-0.04,-0.01,0.0
20250523,25.367,25.367,25.367,25.367,332,8421.0,0.0,0.23,0.057,0.0
20250527,25.6,25.308,25.6,25.18,2938,74569.0,1.66,-0.23,-0.059,0.0
20250528,25.308,25.308,25.308,25.308,76,1923.0,0.0,0.0,0.0,0.0
20250529,25.3,25.427,25.54,25.3,1235,31370.0,0.95,0.47,0.119,0.0
20250530,25.33,25.475,25.484,25.33,938,23874.0,0.61,0.19,0.048,0.0
20250602,25.578,25.44,25.6,25.414,3675,93805.0,0.73,-0.14,-0.035,0.0
20250603,25.458,25.81,25.94,25.458,6693,171834.0,1.89,1.45,0.37,0.0
20250604,25.45,25.45,25.45,25.45,387,9849.0,0.0,-1.39,-0.36,0.0
20250605,25.67,25.554,25.92,25.51,3268,83867.0,1.61,0.41,0.104,0.0
20250606,25.55,25.55,25.74,25.55,5067,130007.0,0.74,-0.02,-0.004,0.0
20250609,25.55,25.55,25.55,25.55,16,411.0,0.0,0.0,0.0,0.0
20250610,25.79,25.72,25.8,25.72,1564,40291.0,0.31,0.67,0.17,0.0
20250611,25.65,25.601,25.82,25.49,19833,507959.0,1.28,-0.46,-0.119,0.0
20250612,25.591,25.642,25.65,25.583,8849,226571.0,0.26,0.16,0.041,0.0
20250613,25.54,25.6,25.6,25.34,2411,61578.0,1.01,-0.16,-0.042,0.0
20250616,25.6,25.6,25.6,25.6,84,2147.0,0.0,0.0,0.0,0.0
20250617,25.362,25.55,25.55,25.362,426,10860.0,0.73,-0.2,-0.05,0.0
20250618,25.65,25.53,25.654,25.39,2490,63450.0,1.03,-0.08,-0.02,0.0
20250620,25.34,25.26,25.39,25.26,5209,132073.0,0.51,-1.06,-0.27,0.0
20250623,25.23,25.38,25.604,25.22,1270,32153.0,1.52,0.48,0.12,0.0
20250624,25.565,25.332,25.565,25.332,1894,48112.0,0.92,-0.19,-0.048,0.0
20250625,25.23,25.37,25.37,25.23,1509,38244.0,0.55,0.15,0.038,0.0
20250627,25.625,25.625,25.625,25.625,1250,32031.0,0.0,1.01,0.255,0.0
20250630,25.625,25.625,25.625,25.625,35,892.0,0.0,0.0,0.0,0.0
20250701,25.53,25.4,25.53,25.345,601,15262.0,0.72,-0.88,-0.225,0.0
20250702,25.35,25.35,25.36,25.35,686,17387.0,0.04,-0.2,-0.05,0.0
20250703,25.35,25.35,25.35,25.28,1544,39068.0,0.28,0.0,0.0,0.0
20250707,25.23,25.347,25.347,25.23,1615,40789.0,0.46,-0.01,-0.003,0.0
20250708,25.455,25.455,25.455,25.455,364,9260.0,0.0,0.43,0.108,0.0
20250709,25.48,25.418,25.48,25.418,2406,61214.0,0.24,-0.15,-0.037,0.0
20250710,25.35,25.62,25.62,25.19,5924,151011.0,1.69,0.79,0.202,0.0
20250711,25.65,25.65,25.65,25.485,710,18136.0,0.64,0.12,0.03,0.0
20250715,25.3,25.75,25.75,25.3,5239,134301.0,1.75,0.39,0.1,0.0
20250716,25.497,25.764,25.77,25.497,2754,70768.0,1.06,0.05,0.014,0.0
20250717,25.81,25.46,26.917,25.43,2645,68149.0,5.77,-1.18,-0.304,0.0
20250718,25.763,25.9,26.37,25.763,6246,162595.0,2.38,1.73,0.44,0.0
20250721,25.7,25.96,26.609,25.7,7694,200590.0,3.51,0.23,0.06,0.0
20250722,25.97,26.11,26.414,25.97,3089,80500.0,1.71,0.58,0.15,0.0
20250723,25.84,25.97,25.97,25.84,861,22280.0,0.5,-0.54,-0.14,0.0
20250724,25.65,26.07,26.07,25.65,733,18976.0,1.62,0.39,0.1,0.0
20250725,26.056,25.95,26.52,25.74,6170,161054.0,2.99,-0.46,-0.12,0.0
20250728,25.95,25.8,25.95,25.8,2852,73773.0,0.58,-0.58,-0.15,0.0
20250729,26.06,25.974,26.06,25.965,1807,46937.0,0.37,0.67,0.174,0.0
20250730,26.013,26.013,26.013,26.013,255,6633.0,0.0,0.15,0.039,0.0
20250731,26.19,26.07,26.61,26.0,2168,56666.0,2.34,0.22,0.057,0.0
20250801,25.975,25.99,25.994,25.975,1791,46528.0,0.07,-0.31,-0.08,0.0
20250804,26.15,26.197,26.27,26.141,2954,77353.0,0.5,0.8,0.207,0.0
20250805,26.14,26.293,26.5,25.999,4376,114931.0,1.91,0.37,0.096,0.0
20250806,26.38,26.19,26.38,26.05,3999,104883.0,1.26,-0.39,-0.103,0.0
20250807,26.228,26.21,26.228,26.15,1507,39487.0,0.3,0.08,0.02,0.0
20250808,26.03,26.081,26.14,26.01,5939,154740.0,0.5,-0.49,-0.129,0.0
20250811,26.2,26.09,26.2,26.05,1433,37356.0,0.58,0.03,0.009,0.0
20250812,26.01,26.044,26.044,25.88,1527,39646.0,0.63,-0.18,-0.046,0.0
20250813,26.1,25.87,26.1,25.705,14903,384935.0,1.52,-0.67,-0.174,0.0
20250814,25.66,25.68,25.78,25.63,7599,195012.0,0.58,-0.73,-0.19,0.0
20250815,25.43,25.22,25.43,25.15,7282,183696.0,1.09,-1.79,-0.46,0.0
20250818,25.35,25.25,25.37,25.25,863,21855.0,0.48,0.12,0.03,0.0
20250819,25.26,25.477,25.612,25.26,3049,77668.0,1.39,0.9,0.227,0.0
20250820,25.586,25.48,25.586,25.48,442,11277.0,0.42,0.01,0.003,0.0
20250821,25.28,25.28,25.28,25.28,182,4606.0,0.0,-0.78,-0.2,0.0
20250822,25.35,25.35,25.4,25.35,3802,96400.0,0.2,0.28,0.07,0.0
20250825,25.28,25.375,25.375,25.28,738,18728.0,0.37,0.1,0.025,0.0
20250826,25.646,25.411,25.646,25.36,5709,145542.0,1.13,0.14,0.036,0.0
20250827,25.52,25.472,25.59,25.445,4749,121195.0,0.57,0.24,0.061,0.0
20250828,25.328,25.45,25.551,25.328,2533,64526.0,0.88,-0.09,-0.022,0.0
20250829,25.53,25.48,25.58,25.35,3333,84784.0,0.9,0.12,0.03,0.0
20250902,25.58,25.4,25.59,25.35,3171,80774.0,0.94,-0.31,-0.08,0.0
20250903,25.55,25.483,25.55,25.38,10368,263892.0,0.67,0.33,0.083,0.0
20250904,25.4,25.48,25.569,25.4,3037,77302.0,0.66,-0.01,-0.003,0.0
