trade_date,open,close,high,low,volume,amount,amplitude,pct_change,change,turnover_rate
20010102,-10.13,-10.31,-10.13,-10.31,305600,0.0,0.0,0.0,0.0,1.33
20010103,-10.425,-10.287,-10.272,-10.545,923200,0.0,-2.65,0.22,0.023,4.01
20010104,-10.28,-10.28,-10.162,-10.31,514400,0.0,-1.44,0.07,0.007,2.24
20010105,-10.257,-10.225,-10.185,-10.295,556600,0.0,-1.07,0.54,0.055,2.42
20010108,-10.24,-10.217,-10.2,-10.247,277600,0.0,-0.46,0.08,0.008,1.21
20010109,-10.225,-10.28,-10.192,-10.287,286200,0.0,-0.93,-0.62,-0.063,1.24
20010110,-10.25,-10.17,-10.162,-10.302,274000,0.0,-1.36,1.07,0.11,1.19
20010111,-10.185,-10.17,-10.06,-10.185,404200,0.0,-1.23,0.0,0.0,1.76
20010112,-10.107,-10.092,-10.052,-10.17,302600,0.0,-1.16,0.77,0.078,1.32
20010116,-10.067,-9.99,-9.935,-10.075,191200,0.0,-1.39,1.01,0.102,0.83
20010117,-10.015,-9.975,-9.927,-10.015,271400,0.0,-0.88,0.15,0.015,1.18
20010118,-9.982,-9.96,-9.92,-10.022,404200,0.0,-1.02,0.15,0.015,1.76
20010119,-9.95,-9.927,-9.89,-9.982,163400,0.0,-0.92,0.33,0.033,0.71
20010122,-9.957,-9.967,-9.872,-9.967,270800,0.0,-0.96,-0.4,-0.04,1.18
20010123,-9.96,-9.982,-9.92,-10.115,540000,0.0,-1.96,-0.15,-0.015,2.35
20010124,-10.037,-10.015,-9.982,-10.1,178600,0.0,-1.18,-0.33,-0.033,0.78
20010125,-10.075,-10.067,-10.037,-10.092,117400,0.0,-0.55,-0.52,-0.052,0.51
20010126,-10.092,-9.967,-9.95,-10.092,298000,0.0,-1.41,0.99,0.1,1.3
20010129,-9.955,-9.85,-9.825,-9.975,480000,0.0,-1.5,1.17,0.117,2.09
20010130,-9.825,-9.842,-9.825,-9.905,243600,0.0,-0.81,0.08,0.008,1.06
20010131,-9.89,-9.935,-9.85,-9.967,206400,0.0,-1.19,-0.94,-0.093,0.9
20010201,-9.967,-9.975,-9.927,-10.085,202000,0.0,-1.59,-0.4,-0.04,0.88
20010202,-9.975,-10.052,-9.927,-10.052,68600,0.0,-1.25,-0.77,-0.077,0.3
20010205,-10.052,-9.88,-9.857,-10.06,109400,0.0,-2.02,1.71,0.172,0.48
20010206,-9.932,-9.88,-9.772,-10.052,270800,0.0,-2.83,0.0,0.0,1.18
20010207,-9.88,-9.872,-9.787,-9.89,133800,0.0,-1.04,0.08,0.008,0.58
20010208,-10.075,-9.927,-9.825,-10.155,651800,0.0,-3.34,-0.56,-0.055,2.83
20010209,-9.932,-9.912,-9.89,-9.942,153800,0.0,-0.52,0.15,0.015,0.67
20010212,-9.912,-9.927,-9.872,-9.95,723600,0.0,-0.79,-0.15,-0.015,3.15
20010213,-9.92,-9.842,-9.842,-9.935,303800,0.0,-0.94,0.86,0.085,1.32
20010214,-9.852,-10.022,-9.85,-10.045,451400,0.0,-1.98,-1.83,-0.18,1.96
20010215,-10.037,-9.982,-9.95,-10.067,578600,0.0,-1.17,0.4,0.04,2.52
20010216,-9.982,-10.1,-9.935,-10.107,236200,0.0,-1.72,-1.18,-0.118,1.03
20010220,-10.072,-9.942,-9.912,-10.075,341600,0.0,-1.61,1.56,0.158,1.49
20010221,-9.922,-9.927,-9.912,-9.99,255200,0.0,-0.78,0.15,0.015,1.11
20010222,-9.95,-10.015,-9.915,-10.067,344800,0.0,-1.53,-0.89,-0.088,1.5
20010223,-10.015,-10.037,-9.99,-10.045,294600,0.0,-0.55,-0.22,-0.022,1.28
20010226,-10.022,-9.912,-9.912,-10.1,300000,0.0,-1.87,1.25,0.125,1.3
20010227,-9.95,-10.085,-9.927,-10.122,188000,0.0,-1.97,-1.75,-0.173,0.82
20010228,-10.137,-9.935,-9.905,-10.155,658800,0.0,-2.48,1.49,0.15,2.86
20010301,-9.967,-9.98,-9.967,-9.997,255400,0.0,-0.3,-0.45,-0.045,1.11
20010302,-9.982,-9.982,-9.927,-9.99,155200,0.0,-0.63,-0.02,-0.002,0.67
20010305,-9.987,-9.967,-9.955,-9.99,161400,0.0,-0.35,0.15,0.015,0.7
20010306,-9.942,-9.975,-9.927,-10.015,491200,0.0,-0.88,-0.08,-0.008,2.14
20010307,-9.957,-9.982,-9.95,-10.015,169600,0.0,-0.65,-0.07,-0.007,0.74
20010308,-9.982,-9.997,-9.967,-10.03,297400,0.0,-0.63,-0.15,-0.015,1.29
20010309,-10.03,-9.997,-9.975,-10.037,177800,0.0,-0.62,0.0,0.0,0.77
20010312,-10.002,-10.085,-10.002,-10.092,133400,0.0,-0.9,-0.88,-0.088,0.59
20010313,-10.067,-9.982,-9.975,-10.067,421800,0.0,-0.91,1.02,0.103,1.85
20010314,-10.022,-10.052,-9.96,-10.122,436400,0.0,-1.62,-0.7,-0.07,1.92
20010315,-10.03,-10.06,-10.03,-10.075,279600,0.0,-0.45,-0.08,-0.008,1.23
20010316,-10.037,-10.122,-10.037,-10.155,332000,0.0,-1.17,-0.62,-0.062,1.46
20010319,-10.102,-10.075,-9.982,-10.14,257800,0.0,-1.56,0.46,0.047,1.13
20010320,-10.045,-10.107,-9.935,-10.107,367600,0.0,-1.71,-0.32,-0.032,1.62
20010321,-10.107,-10.2,-10.107,-10.2,283400,0.0,-0.92,-0.92,-0.093,1.25
20010322,-10.155,-10.185,-10.155,-10.265,813200,0.0,-1.08,0.15,0.015,3.58
20010323,-10.2,-10.085,-10.075,-10.2,104400,0.0,-1.23,0.98,0.1,0.46
20010326,-10.127,-10.107,-10.015,-10.147,144200,0.0,-1.31,-0.22,-0.022,0.63
20010327,-10.085,-9.982,-9.982,-10.092,95800,0.0,-1.09,1.24,0.125,0.42
20010328,-10.027,-10.115,-10.022,-10.115,118800,0.0,-0.93,-1.33,-0.133,0.52
20010329,-10.107,-9.982,-9.967,-10.107,182200,0.0,-1.38,1.31,0.133,0.8
20010330,-10.012,-9.942,-9.905,-10.052,225400,0.0,-1.47,0.4,0.04,0.99
20010402,-9.982,-9.997,-9.92,-10.015,177800,0.0,-0.96,-0.55,-0.055,0.78
20010403,-10.005,-10.092,-9.99,-10.1,290200,0.0,-1.1,-0.95,-0.095,1.28
20010404,-10.095,-9.982,-9.96,-10.095,502800,0.0,-1.34,1.09,0.11,2.21
20010405,-9.977,-9.84,-9.795,-9.982,425800,0.0,-1.87,1.42,0.142,1.87
20010406,-9.85,-9.927,-9.825,-9.96,495800,0.0,-1.37,-0.88,-0.087,2.18
20010409,-9.95,-9.95,-9.9,-9.982,118400,0.0,-0.83,-0.23,-0.023,0.52
20010410,-9.947,-9.912,-9.9,-9.965,116000,0.0,-0.65,0.38,0.038,0.51
20010411,-9.927,-10.0,-9.912,-10.0,139000,0.0,-0.89,-0.89,-0.088,0.61
20010412,-9.967,-9.98,-9.967,-10.025,151600,0.0,-0.58,0.2,0.02,0.67
20010416,-9.98,-9.767,-9.59,-9.98,2229000,0.0,-3.91,2.13,0.213,9.8
20010417,-9.822,-9.795,-9.717,-9.845,512400,0.0,-1.31,-0.29,-0.028,2.25
20010418,-9.77,-9.745,-9.725,-9.802,486000,0.0,-0.79,0.51,0.05,2.14
20010419,-9.745,-9.735,-9.69,-9.855,509400,0.0,-1.69,0.1,0.01,2.24
20010420,-9.745,-9.662,-9.657,-9.745,379000,0.0,-0.9,0.75,0.073,1.67
20010423,-9.67,-9.662,-9.65,-9.7,334400,0.0,-0.52,0.0,0.0,1.47
20010424,-9.69,-9.657,-9.65,-9.695,354600,0.0,-0.47,0.05,0.005,1.56
20010425,-9.66,-9.575,-9.575,-9.66,318600,0.0,-0.88,0.85,0.082,1.4
20010426,-9.615,-9.575,-9.555,-9.615,479800,0.0,-0.63,0.0,0.0,2.11
20010427,-9.585,-9.57,-9.545,-9.592,353400,0.0,-0.49,0.05,0.005,1.55
20010430,-9.557,-9.432,-9.412,-9.557,390600,0.0,-1.52,1.44,0.138,1.72
20010501,-9.44,-9.35,-9.34,-9.565,328200,0.0,-2.39,0.87,0.082,1.44
20010502,-9.335,-9.255,-9.215,-9.657,943800,0.0,-4.73,1.02,0.095,4.15
20010503,-9.305,-9.48,-9.305,-9.57,375400,0.0,-2.86,-2.43,-0.225,1.65
20010504,-9.482,-9.44,-9.415,-9.5,164600,0.0,-0.9,0.42,0.04,0.72
20010507,-9.45,-9.432,-9.407,-9.47,312200,0.0,-0.67,0.08,0.008,1.37
20010508,-9.43,-9.412,-9.407,-9.44,403200,0.0,-0.35,0.21,0.02,1.77
20010509,-9.425,-9.407,-9.395,-9.425,344400,0.0,-0.32,0.05,0.005,1.53
20010510,-9.395,-9.45,-9.395,-9.455,297200,0.0,-0.64,-0.46,-0.043,1.32
20010511,-9.45,-9.42,-9.397,-9.45,825200,0.0,-0.56,0.32,0.03,3.68
20010514,-9.45,-9.42,-9.42,-9.565,551800,0.0,-1.54,0.0,0.0,2.46
20010515,-9.432,-9.412,-9.4,-9.442,621000,0.0,-0.45,0.08,0.008,2.77
20010516,-9.412,-9.412,-9.4,-9.427,567800,0.0,-0.29,0.0,0.0,2.53
20010517,-9.42,-9.38,-9.365,-9.43,674200,0.0,-0.69,0.34,0.032,3.0
20010518,-9.38,-9.382,-9.37,-9.42,261400,0.0,-0.53,-0.02,-0.002,1.16
20010521,-9.375,-9.307,-9.295,-9.375,339600,0.0,-0.85,0.8,0.075,1.51
20010522,-9.33,-9.282,-9.22,-9.33,476200,0.0,-1.18,0.27,0.025,2.12
20010523,-9.27,-9.265,-9.222,-9.307,1875200,0.0,-0.92,0.18,0.017,8.36
20010524,-9.267,-9.36,-9.245,-9.37,360200,0.0,-1.35,-1.03,-0.095,1.6
20010525,-9.332,-9.305,-9.265,-9.357,155000,0.0,-0.98,0.59,0.055,0.69
20010529,-9.317,-9.427,-9.282,-9.55,1323800,0.0,-2.88,-1.31,-0.122,5.9
20010530,-9.42,-9.505,-9.412,-9.562,493000,0.0,-1.59,-0.83,-0.078,2.2
20010531,-9.495,-9.725,-9.495,-9.735,1284800,0.0,-2.52,-2.31,-0.22,5.72
20010601,-9.695,-9.725,-9.662,-9.77,557800,0.0,-1.11,0.0,0.0,2.49
20010604,-9.725,-9.745,-9.7,-9.782,506600,0.0,-0.84,-0.21,-0.02,2.26
20010605,-9.755,-9.79,-9.725,-9.91,755800,0.0,-1.9,-0.46,-0.045,3.37
20010606,-9.797,-9.822,-9.767,-9.885,397800,0.0,-1.21,-0.33,-0.032,1.77
20010607,-9.825,-9.802,-9.795,-9.84,385000,0.0,-0.46,0.2,0.02,1.72
20010608,-9.757,-9.795,-9.75,-9.817,463000,0.0,-0.68,0.07,0.007,2.06
20010611,-9.77,-9.765,-9.757,-9.812,323000,0.0,-0.56,0.31,0.03,1.44
20010612,-9.782,-9.72,-9.702,-9.782,352000,0.0,-0.82,0.46,0.045,1.57
20010613,-9.707,-9.72,-9.61,-9.72,860200,0.0,-1.13,0.0,0.0,3.83
20010614,-9.69,-9.765,-9.69,-9.775,309000,0.0,-0.87,-0.46,-0.045,1.38
20010615,-9.777,-9.785,-9.772,-9.797,270000,0.0,-0.26,-0.2,-0.02,1.2
20010618,-9.777,-9.825,-9.777,-9.847,255000,0.0,-0.72,-0.41,-0.04,1.14
20010619,-9.79,-9.83,-9.772,-9.845,133200,0.0,-0.74,-0.05,-0.005,0.59
20010620,-9.795,-9.822,-9.787,-9.84,202200,0.0,-0.54,0.08,0.008,0.9
20010621,-9.842,-9.892,-9.83,-9.9,448200,0.0,-0.71,-0.71,-0.07,2.0
20010622,-9.845,-9.85,-9.815,-9.87,169000,0.0,-0.56,0.42,0.042,0.75
20010625,-9.88,-9.827,-9.825,-9.895,276400,0.0,-0.71,0.23,0.023,1.23
20010626,-9.827,-9.892,-9.827,-9.895,638600,0.0,-0.69,-0.66,-0.065,2.85
20010627,-9.892,-9.892,-9.865,-9.902,389400,0.0,-0.37,0.0,0.0,1.74
20010628,-9.88,-9.832,-9.807,-9.895,200400,0.0,-0.89,0.61,0.06,0.89
20010629,-9.835,-9.75,-9.725,-9.837,252600,0.0,-1.14,0.83,0.082,1.13
20010702,-9.802,-9.77,-9.757,-9.84,202200,0.0,-0.85,-0.21,-0.02,0.9
20010703,-9.795,-9.807,-9.787,-9.832,291400,0.0,-0.46,-0.38,-0.037,1.3
20010705,-9.83,-9.825,-9.795,-9.832,417000,0.0,-0.38,-0.18,-0.018,1.86
20010706,-9.82,-9.907,-9.82,-9.907,238000,0.0,-0.89,-0.83,-0.082,1.06
20010709,-9.87,-9.9,-9.87,-9.91,83600,0.0,-0.4,0.07,0.007,0.37
20010710,-9.9,-9.947,-9.865,-9.98,279200,0.0,-1.16,-0.47,-0.047,1.24
20010711,-9.955,-9.935,-9.875,-9.99,89600,0.0,-1.16,0.12,0.012,0.4
20010712,-9.98,-9.945,-9.885,-9.98,123800,0.0,-0.96,-0.1,-0.01,0.55
20010713,-9.865,-9.88,-9.76,-9.895,1300800,0.0,-1.36,0.65,0.065,5.8
20010716,-9.875,-9.817,-9.8,-9.882,176800,0.0,-0.83,0.64,0.063,0.79
20010717,-9.84,-9.792,-9.765,-9.85,246000,0.0,-0.87,0.25,0.025,1.1
20010718,-9.787,-9.822,-9.765,-9.835,99600,0.0,-0.71,-0.31,-0.03,0.44
20010719,-9.787,-9.857,-9.787,-9.875,286200,0.0,-0.9,-0.36,-0.035,1.28
20010720,-9.857,-9.815,-9.815,-9.877,310000,0.0,-0.63,0.43,0.042,1.38
20010723,-9.815,-9.792,-9.78,-9.835,344800,0.0,-0.56,0.23,0.023,1.54
20010724,-9.787,-9.792,-9.765,-9.8,356600,0.0,-0.36,0.0,0.0,1.59
20010725,-9.77,-9.847,-9.77,-9.97,662400,0.0,-2.04,-0.56,-0.055,2.95
20010726,-9.84,-9.875,-9.84,-9.91,497800,0.0,-0.71,-0.28,-0.028,2.22
20010727,-9.88,-9.92,-9.877,-9.945,385200,0.0,-0.69,-0.46,-0.045,1.72
20010730,-10.035,-9.825,-9.795,-10.07,892400,0.0,-2.77,0.96,0.095,3.98
20010731,-9.82,-9.895,-9.82,-9.91,196600,0.0,-0.92,-0.71,-0.07,0.88
20010801,-9.895,-9.807,-9.765,-9.9,496400,0.0,-1.36,0.89,0.088,2.21
20010802,-9.827,-9.812,-9.777,-9.832,544400,0.0,-0.56,-0.05,-0.005,2.43
20010803,-9.802,-9.807,-9.777,-9.832,250600,0.0,-0.56,0.05,0.005,1.12
20010806,-9.815,-9.792,-9.787,-9.847,392000,0.0,-0.61,0.15,0.015,1.75
20010807,-9.855,-9.88,-9.84,-9.882,394800,0.0,-0.43,-0.9,-0.088,1.75
20010808,-9.892,-9.87,-9.86,-9.9,316800,0.0,-0.4,0.1,0.01,1.4
20010809,-9.875,-9.815,-9.815,-9.875,163800,0.0,-0.61,0.56,0.055,0.73
20010810,-9.82,-9.85,-9.77,-9.865,211600,0.0,-0.97,-0.36,-0.035,0.94
20010813,-9.86,-9.855,-9.745,-9.86,368600,0.0,-1.17,-0.05,-0.005,1.63
20010814,-9.837,-9.815,-9.765,-9.85,222000,0.0,-0.86,0.41,0.04,0.98
20010815,-9.775,-9.857,-9.775,-9.87,345200,0.0,-0.97,-0.43,-0.042,1.53
20010816,-9.87,-9.787,-9.745,-9.9,394200,0.0,-1.57,0.71,0.07,1.75
20010817,-9.845,-9.797,-9.765,-9.845,231200,0.0,-0.82,-0.1,-0.01,1.02
20010820,-9.795,-9.75,-9.74,-9.845,158000,0.0,-1.07,0.48,0.047,0.7
20010821,-9.825,-9.75,-9.745,-9.827,182000,0.0,-0.84,0.0,0.0,0.81
20010822,-9.772,-9.715,-9.71,-9.772,555000,0.0,-0.64,0.36,0.035,2.46
20010823,-9.755,-9.71,-9.682,-9.76,799600,0.0,-0.8,0.05,0.005,3.54
20010824,-9.735,-9.72,-9.69,-9.735,377800,0.0,-0.46,-0.1,-0.01,1.67
20010827,-9.74,-9.732,-9.72,-9.757,118800,0.0,-0.38,-0.12,-0.012,0.53
20010828,-9.71,-9.727,-9.707,-9.74,112200,0.0,-0.34,0.05,0.005,0.5
20010829,-9.75,-9.765,-9.732,-9.795,118000,0.0,-0.65,-0.39,-0.038,0.52
20010830,-9.787,-9.767,-9.72,-9.787,373800,0.0,-0.69,-0.02,-0.002,1.66
20010831,-9.77,-9.765,-9.74,-9.775,210000,0.0,-0.36,0.02,0.002,0.93
20010904,-9.74,-9.7,-9.65,-9.795,683200,0.0,-1.48,0.67,0.065,3.03
20010905,-9.682,-9.67,-9.635,-9.707,221600,0.0,-0.74,0.31,0.03,0.98
20010906,-9.67,-9.707,-9.67,-9.747,404000,0.0,-0.8,-0.38,-0.037,1.79
20010907,-9.74,-9.76,-9.735,-9.76,297600,0.0,-0.26,-0.55,-0.053,1.32
20010910,-9.795,-9.795,-9.79,-9.82,226800,0.0,-0.31,-0.36,-0.035,1.01
20010917,-9.827,-9.942,-9.795,-9.975,2034000,0.0,-1.84,-1.5,-0.147,9.02
20010918,-9.92,-9.69,-9.67,-9.92,1049400,0.0,-2.51,2.53,0.252,4.65
20010919,-9.715,-9.755,-9.677,-9.832,363000,0.0,-1.6,-0.67,-0.065,1.61
20010920,-9.782,-9.855,-9.735,-9.875,368400,0.0,-1.44,-1.03,-0.1,1.63
20010921,-9.882,-9.845,-9.82,-9.92,1260200,0.0,-1.01,0.1,0.01,5.59
20010924,-9.865,-9.74,-9.677,-9.865,352200,0.0,-1.91,1.07,0.105,1.56
20010925,-9.765,-9.75,-9.645,-9.765,588800,0.0,-1.23,-0.1,-0.01,2.61
20010926,-9.75,-9.775,-9.732,-9.797,331600,0.0,-0.67,-0.26,-0.025,1.47
20010927,-9.74,-9.84,-9.74,-9.912,268600,0.0,-1.76,-0.66,-0.065,1.19
20010928,-9.86,-9.662,-9.662,-9.86,1011000,0.0,-2.01,1.81,0.178,4.48
20011001,-9.67,-9.765,-9.62,-9.792,285400,0.0,-1.78,-1.07,-0.103,1.27
20011002,-9.782,-9.612,-9.59,-9.782,785200,0.0,-1.97,1.57,0.153,3.48
20011003,-9.615,-9.427,-9.375,-9.625,1563600,0.0,-2.6,1.92,0.185,6.93
20011004,-9.445,-9.44,-9.427,-9.47,989800,0.0,-0.46,-0.14,-0.013,4.39
20011005,-9.475,-9.357,-9.357,-9.475,582600,0.0,-1.25,0.88,0.083,2.58
20011008,-9.357,-9.47,-9.315,-9.54,238800,0.0,-2.4,-1.21,-0.113,1.06
20011009,-9.457,-9.522,-9.457,-9.545,171200,0.0,-0.93,-0.55,-0.052,0.76
20011010,-9.53,-9.432,-9.402,-9.53,911200,0.0,-1.34,0.95,0.09,4.04
20011011,-9.427,-9.33,-9.3,-9.44,1055400,0.0,-1.48,1.08,0.102,4.68
20011012,-9.32,-9.367,-9.282,-9.4,448800,0.0,-1.26,-0.4,-0.037,1.99
20011015,-9.382,-9.382,-9.335,-9.4,357200,0.0,-0.69,-0.16,-0.015,1.58
20011016,-9.365,-9.395,-9.345,-9.43,241600,0.0,-0.91,-0.14,-0.013,1.07
20011017,-9.395,-9.45,-9.375,-9.487,882600,0.0,-1.19,-0.59,-0.055,3.91
20011018,-9.47,-9.452,-9.405,-9.49,637400,0.0,-0.9,-0.02,-0.002,2.83
20011019,-9.445,-9.437,-9.415,-9.46,1194400,0.0,-0.48,0.16,0.015,5.29
20011022,-9.457,-9.415,-9.407,-9.457,637200,0.0,-0.53,0.23,0.022,2.82
20011023,-9.412,-9.425,-9.407,-9.467,835600,0.0,-0.64,-0.11,-0.01,3.7
20011024,-9.42,-9.462,-9.42,-9.47,90600,0.0,-0.53,-0.39,-0.037,0.4
20011025,-9.475,-9.412,-9.412,-9.525,208600,0.0,-1.19,0.53,0.05,0.92
20011026,-9.42,-9.447,-9.412,-9.45,383800,0.0,-0.4,-0.37,-0.035,1.7
20011029,-9.42,-9.46,-9.41,-9.492,432400,0.0,-0.87,-0.14,-0.013,1.92
20011030,-9.487,-9.355,-9.34,-9.49,660200,0.0,-1.59,1.11,0.105,2.93
20011031,-9.37,-9.437,-9.35,-9.61,751000,0.0,-2.78,-0.88,-0.082,3.33
20011101,-9.475,-9.42,-9.385,-9.485,619000,0.0,-1.06,0.18,0.017,2.74
20011102,-9.47,-9.442,-9.357,-9.5,197000,0.0,-1.52,-0.23,-0.022,0.87
20011105,-9.44,-9.395,-9.375,-9.44,599400,0.0,-0.69,0.5,0.047,2.66
20011106,-9.452,-9.47,-9.45,-9.6,637800,0.0,-1.6,-0.8,-0.075,2.83
20011107,-9.49,-9.447,-9.37,-9.495,398800,0.0,-1.32,0.24,0.023,1.77
20011108,-9.415,-9.545,-9.41,-9.565,302800,0.0,-1.64,-1.04,-0.098,1.33
20011109,-9.53,-9.54,-9.507,-9.552,226400,0.0,-0.47,0.05,0.005,1.0
20011112,-9.53,-9.472,-9.435,-9.59,329200,0.0,-1.62,0.71,0.068,1.45
20011113,-9.52,-9.46,-9.435,-9.525,267800,0.0,-0.95,0.13,0.012,1.18
20011114,-9.472,-9.49,-9.42,-9.51,348800,0.0,-0.95,-0.32,-0.03,1.54
20011115,-9.485,-9.55,-9.477,-9.55,480400,0.0,-0.77,-0.63,-0.06,2.12
20011116,-9.545,-9.605,-9.53,-9.615,372400,0.0,-0.89,-0.58,-0.055,1.64
20011119,-9.6,-9.842,-9.57,-9.87,993800,0.0,-3.12,-2.47,-0.237,4.38
20011120,-9.825,-9.76,-9.725,-9.825,1189600,0.0,-1.02,0.83,0.082,5.24
20011121,-9.8,-9.77,-9.765,-9.822,557200,0.0,-0.58,-0.1,-0.01,2.46
20011123,-9.795,-9.79,-9.767,-9.815,260400,0.0,-0.49,-0.2,-0.02,1.15
20011126,-9.782,-9.77,-9.755,-9.792,1382400,0.0,-0.38,0.2,0.02,6.09
20011127,-9.78,-9.795,-9.775,-9.805,822000,0.0,-0.31,-0.26,-0.025,3.62
20011128,-9.807,-9.795,-9.782,-9.807,468600,0.0,-0.26,0.0,0.0,2.06
20011129,-9.797,-9.77,-9.755,-9.797,1185200,0.0,-0.43,0.26,0.025,5.22
20011130,-9.682,-9.692,-9.675,-9.77,764600,0.0,-0.97,0.8,0.078,3.37
20011203,-9.717,-9.695,-9.67,-9.72,891800,0.0,-0.52,-0.03,-0.003,3.93
20011204,-9.7,-9.675,-9.652,-9.7,1165000,0.0,-0.5,0.21,0.02,5.13
20011205,-9.665,-9.665,-9.587,-9.675,321800,0.0,-0.91,0.1,0.01,1.42
20011206,-9.67,-9.63,-9.61,-9.67,166400,0.0,-0.62,0.36,0.035,0.73
20011207,-9.655,-9.62,-9.61,-9.675,204400,0.0,-0.67,0.1,0.01,0.9
20011210,-9.64,-9.62,-9.585,-9.65,216200,0.0,-0.68,0.0,0.0,0.95
20011211,-9.645,-9.622,-9.565,-9.645,289200,0.0,-0.83,-0.02,-0.002,1.27
20011212,-9.66,-9.64,-9.595,-9.69,616800,0.0,-0.99,-0.19,-0.018,2.72
20011213,-9.667,-9.615,-9.555,-9.67,431800,0.0,-1.19,0.26,0.025,1.9
20011214,-9.632,-9.63,-9.59,-9.65,527200,0.0,-0.62,-0.16,-0.015,2.32
20011217,-9.65,-9.57,-9.545,-9.65,209600,0.0,-1.09,0.62,0.06,0.92
20011218,-9.557,-9.545,-9.515,-9.607,248000,0.0,-0.96,0.26,0.025,1.09
20011219,-9.52,-9.612,-9.52,-9.612,222400,0.0,-0.96,-0.7,-0.067,0.98
20011220,-9.582,-9.642,-9.56,-9.645,270800,0.0,-0.88,-0.31,-0.03,1.19
20011221,-9.645,-9.48,-9.47,-9.677,1076200,0.0,-2.15,1.68,0.162,4.74
20011224,-9.482,-9.492,-9.457,-9.525,261000,0.0,-0.72,-0.13,-0.012,1.15
20011226,-9.45,-9.412,-9.382,-9.495,600600,0.0,-1.19,0.84,0.08,2.65
20011227,-9.415,-9.382,-9.375,-9.43,164800,0.0,-0.58,0.32,0.03,0.73
20011228,-9.395,-9.38,-9.365,-9.42,189000,0.0,-0.59,0.02,0.002,0.83
20011231,-9.375,-9.485,-9.375,-9.495,289800,0.0,-1.28,-1.12,-0.105,1.31
20020102,-9.485,-9.525,-9.445,-9.56,500000,0.0,-1.21,-0.42,-0.04,2.26
20020103,-9.545,-9.4,-9.39,-9.545,618800,0.0,-1.63,1.31,0.125,2.79
20020104,-9.42,-9.405,-9.4,-9.445,390200,0.0,-0.48,-0.05,-0.005,1.76
20020107,-9.42,-9.425,-9.4,-9.45,226800,0.0,-0.53,-0.21,-0.02,1.02
20020108,-9.42,-9.375,-9.375,-9.44,237400,0.0,-0.69,0.53,0.05,1.07
20020109,-9.397,-9.395,-9.355,-9.425,345600,0.0,-0.75,-0.21,-0.02,1.56
20020110,-9.382,-9.36,-9.345,-9.405,487600,0.0,-0.64,0.37,0.035,2.2
20020111,-9.387,-9.402,-9.357,-9.42,463800,0.0,-0.67,-0.45,-0.042,2.09
20020114,-9.385,-9.495,-9.365,-9.515,682000,0.0,-1.6,-0.99,-0.093,3.08
20020115,-9.51,-9.437,-9.42,-9.53,656800,0.0,-1.16,0.61,0.058,2.97
20020116,-9.452,-9.49,-9.425,-9.502,234600,0.0,-0.82,-0.56,-0.053,1.06
20020117,-9.465,-9.47,-9.445,-9.5,694000,0.0,-0.58,0.21,0.02,3.13
20020118,-9.5,-9.48,-9.437,-9.5,110000,0.0,-0.67,-0.11,-0.01,0.5
20020122,-9.465,-9.49,-9.44,-9.49,78600,0.0,-0.53,-0.11,-0.01,0.35
20020123,-9.492,-9.44,-9.44,-9.507,230800,0.0,-0.71,0.53,0.05,1.04
20020124,-9.457,-9.382,-9.36,-9.457,277600,0.0,-1.03,0.61,0.058,1.25
20020125,-9.387,-9.377,-9.357,-9.395,627000,0.0,-0.41,0.05,0.005,2.83
20020128,-9.39,-9.357,-9.35,-9.432,171400,0.0,-0.87,0.21,0.02,0.77
20020129,-9.357,-9.4,-9.357,-9.4,265400,0.0,-0.46,-0.46,-0.043,1.2
20020130,-9.4,-9.382,-9.38,-9.445,305800,0.0,-0.69,0.19,0.018,1.38
20020131,-9.41,-9.375,-9.365,-9.41,105000,0.0,-0.48,0.07,0.007,0.47
20020201,-9.405,-9.465,-9.36,-9.49,142800,0.0,-1.39,-0.96,-0.09,0.64
20020204,-9.47,-9.365,-9.36,-9.47,819200,0.0,-1.16,1.06,0.1,3.7
20020205,-9.365,-9.412,-9.337,-9.417,180400,0.0,-0.85,-0.5,-0.047,0.81
20020206,-9.405,-9.622,-9.4,-9.655,777400,0.0,-2.71,-2.23,-0.21,3.51
20020207,-9.625,-9.68,-9.622,-9.705,720800,0.0,-0.86,-0.6,-0.058,3.25
20020208,-9.67,-9.645,-9.62,-9.68,258800,0.0,-0.62,0.36,0.035,1.17
20020211,-9.67,-9.637,-9.62,-9.67,304400,0.0,-0.52,0.08,0.008,1.37
20020212,-9.64,-9.665,-9.615,-9.69,589000,0.0,-0.78,-0.29,-0.028,2.66
20020213,-9.692,-9.64,-9.615,-9.692,172000,0.0,-0.8,0.26,0.025,0.78
20020214,-9.63,-9.765,-9.63,-9.77,314000,0.0,-1.45,-1.3,-0.125,1.42
20020215,-9.765,-9.82,-9.73,-9.825,374400,0.0,-0.97,-0.56,-0.055,1.69
20020219,-9.815,-9.895,-9.807,-9.915,658800,0.0,-1.1,-0.76,-0.075,2.97
20020220,-9.877,-9.815,-9.815,-9.905,372800,0.0,-0.91,0.81,0.08,1.68
20020221,-9.82,-9.89,-9.815,-9.89,458000,0.0,-0.76,-0.76,-0.075,2.07
20020222,-9.857,-9.85,-9.832,-9.9,509400,0.0,-0.69,0.4,0.04,2.3
20020225,-9.837,-9.932,-9.81,-9.932,362800,0.0,-1.24,-0.83,-0.082,1.64
20020226,-9.94,-9.992,-9.9,-9.995,765400,0.0,-0.96,-0.6,-0.06,3.46
20020227,-9.98,-9.652,-9.59,-10.0,2584400,0.0,-4.1,3.4,0.34,11.67
20020228,-9.67,-9.68,-9.62,-9.715,878200,0.0,-0.98,-0.29,-0.028,3.97
20020301,-9.675,-9.665,-9.635,-9.7,312200,0.0,-0.67,0.15,0.015,1.41
20020304,-9.675,-9.692,-9.61,-9.7,591600,0.0,-0.93,-0.28,-0.027,2.67
20020305,-9.7,-9.685,-9.662,-9.74,241000,0.0,-0.8,0.07,0.007,1.09
20020306,-9.7,-9.582,-9.545,-9.765,510400,0.0,-2.27,1.06,0.103,2.3
20020307,-9.547,-9.57,-9.535,-9.607,274200,0.0,-0.75,0.13,0.012,1.24
20020308,-9.55,-9.51,-9.5,-9.567,340400,0.0,-0.7,0.63,0.06,1.54
20020311,-9.505,-9.6,-9.502,-9.635,276200,0.0,-1.4,-0.95,-0.09,1.25
20020312,-9.607,-9.6,-9.57,-9.65,227200,0.0,-0.83,0.0,0.0,1.03
20020313,-9.582,-9.55,-9.51,-9.62,551400,0.0,-1.15,0.52,0.05,2.49
20020314,-9.55,-9.5,-9.495,-9.55,382800,0.0,-0.58,0.52,0.05,1.73
20020315,-9.505,-9.48,-9.475,-9.55,206200,0.0,-0.79,0.21,0.02,0.99
20020318,-9.515,-9.49,-9.472,-9.56,250800,0.0,-0.93,-0.11,-0.01,1.2
20020319,-9.482,-9.437,-9.425,-9.495,260000,0.0,-0.74,0.56,0.053,1.24
20020320,-9.467,-9.455,-9.425,-9.495,100600,0.0,-0.74,-0.19,-0.018,0.48
20020321,-9.482,-9.405,-9.405,-9.56,272200,0.0,-1.64,0.53,0.05,1.3
20020322,-9.405,-9.487,-9.39,-9.52,229200,0.0,-1.38,-0.87,-0.082,1.1
20020325,-9.47,-9.485,-9.44,-9.515,195000,0.0,-0.79,0.02,0.002,0.93
20020326,-9.495,-9.465,-9.44,-9.5,275200,0.0,-0.63,0.21,0.02,1.32
20020327,-9.47,-9.397,-9.377,-9.482,256200,0.0,-1.11,0.72,0.068,1.23
20020328,-9.39,-9.435,-9.39,-9.445,319600,0.0,-0.59,-0.4,-0.038,1.53
20020401,-9.415,-9.437,-9.402,-9.455,278800,0.0,-0.56,-0.02,-0.002,1.33
20020402,-9.407,-9.432,-9.407,-9.45,138000,0.0,-0.46,0.05,0.005,0.66
20020403,-9.437,-9.437,-9.42,-9.46,330200,0.0,-0.42,-0.05,-0.005,1.58
20020404,-9.445,-9.42,-9.415,-9.45,512200,0.0,-0.37,0.18,0.017,2.45
20020405,-9.41,-9.335,-9.31,-9.41,637000,0.0,-1.06,0.9,0.085,3.05
20020408,-9.332,-9.285,-9.275,-9.345,631800,0.0,-0.75,0.54,0.05,3.02
20020409,-9.275,-9.27,-9.24,-9.3,789400,0.0,-0.65,0.16,0.015,3.78
20020410,-9.245,-9.265,-9.235,-9.335,726200,0.0,-1.08,0.05,0.005,3.47
20020411,-9.3,-9.255,-9.245,-9.307,745200,0.0,-0.67,0.11,0.01,3.57
20020412,-9.255,-9.175,-9.17,-9.27,251200,0.0,-1.08,0.86,0.08,1.2
20020415,-9.17,-9.19,-9.17,-9.212,721400,0.0,-0.46,-0.16,-0.015,3.45
20020416,-9.2,-9.175,-9.17,-9.2,607600,0.0,-0.33,0.16,0.015,2.91
20020417,-9.175,-9.192,-9.14,-9.195,276600,0.0,-0.6,-0.19,-0.017,1.32
20020418,-9.19,-9.172,-9.16,-9.19,351600,0.0,-0.33,0.22,0.02,1.68
20020419,-9.165,-9.172,-9.135,-9.185,403800,0.0,-0.55,0.0,0.0,1.93
20020422,-9.182,-9.175,-9.137,-9.182,1128600,0.0,-0.49,-0.03,-0.003,5.4
20020423,-9.167,-9.1,-9.08,-9.18,558000,0.0,-1.09,0.82,0.075,2.67
20020424,-9.107,-9.09,-9.032,-9.12,655000,0.0,-0.97,0.11,0.01,3.13
20020425,-9.095,-9.09,-9.045,-9.112,378400,0.0,-0.74,0.0,0.0,1.81
20020426,-9.107,-9.167,-9.087,-9.17,194800,0.0,-0.91,-0.85,-0.077,0.93
20020429,-9.135,-9.157,-9.11,-9.167,161600,0.0,-0.62,0.11,0.01,0.77
20020430,-9.125,-9.032,-9.03,-9.145,346800,0.0,-1.26,1.37,0.125,1.66
20020501,-9.025,-9.102,-8.96,-9.162,534400,0.0,-2.24,-0.78,-0.07,2.56
20020502,-9.145,-9.04,-8.995,-9.145,539600,0.0,-1.65,0.68,0.062,2.58
20020503,-9.025,-8.91,-8.87,-9.025,1390400,0.0,-1.71,1.44,0.13,6.65
20020506,-8.925,-8.895,-8.795,-8.945,659800,0.0,-1.68,0.17,0.015,3.16
20020507,-8.937,-8.86,-8.792,-8.95,671000,0.0,-1.78,0.39,0.035,3.21
20020508,-8.88,-8.835,-8.795,-8.925,773000,0.0,-1.47,0.28,0.025,3.7
20020509,-8.807,-8.865,-8.782,-8.867,413800,0.0,-0.96,-0.34,-0.03,1.98
20020510,-8.862,-8.87,-8.832,-8.99,340800,0.0,-1.78,-0.06,-0.005,1.65
20020513,-8.89,-8.9,-8.882,-8.95,173000,0.0,-0.77,-0.34,-0.03,0.84
20020514,-8.915,-8.74,-8.707,-8.915,786000,0.0,-2.34,1.8,0.16,3.81
20020515,-8.78,-8.727,-8.7,-8.785,506400,0.0,-0.97,0.15,0.013,2.45
20020516,-8.735,-8.82,-8.732,-8.837,290000,0.0,-1.2,-1.07,-0.093,1.41
20020517,-8.815,-8.78,-8.77,-8.83,747200,0.0,-0.68,0.45,0.04,3.62
20020520,-8.79,-8.785,-8.72,-8.825,256000,0.0,-1.2,-0.06,-0.005,1.24
20020521,-8.785,-8.795,-8.76,-8.82,269600,0.0,-0.68,-0.11,-0.01,1.31
20020522,-8.817,-8.825,-8.78,-8.825,236000,0.0,-0.51,-0.34,-0.03,1.14
20020523,-8.825,-8.7,-8.69,-8.825,333200,0.0,-1.53,1.42,0.125,1.62
20020524,-8.732,-8.755,-8.68,-8.78,190600,0.0,-1.15,-0.63,-0.055,0.92
20020528,-8.71,-8.775,-8.71,-8.79,223400,0.0,-0.91,-0.23,-0.02,1.08
20020529,-8.775,-8.795,-8.715,-8.797,324200,0.0,-0.93,-0.23,-0.02,1.57
20020530,-8.79,-8.755,-8.732,-8.795,253800,0.0,-0.72,0.45,0.04,1.23
20020531,-8.757,-8.68,-8.652,-8.775,358800,0.0,-1.4,0.86,0.075,1.74
20020603,-8.67,-8.755,-8.65,-8.762,299200,0.0,-1.29,-0.86,-0.075,1.45
20020604,-8.71,-8.805,-8.707,-8.815,487400,0.0,-1.23,-0.57,-0.05,2.36
20020605,-8.795,-8.815,-8.795,-8.92,1034200,0.0,-1.42,-0.11,-0.01,5.01
20020606,-8.84,-8.895,-8.825,-8.895,856200,0.0,-0.79,-0.91,-0.08,4.15
20020607,-8.84,-8.76,-8.75,-8.94,459800,0.0,-2.14,1.52,0.135,2.23
20020610,-8.772,-8.67,-8.63,-8.795,618600,0.0,-1.88,1.03,0.09,3.0
20020611,-8.645,-8.777,-8.645,-8.81,253600,0.0,-1.9,-1.23,-0.107,1.23
20020612,-8.752,-8.682,-8.677,-8.8,233800,0.0,-1.4,1.08,0.095,1.13
20020613,-8.695,-8.795,-8.695,-8.795,142800,0.0,-1.15,-1.3,-0.113,0.69
20020614,-8.8,-8.775,-8.735,-8.87,312200,0.0,-1.53,0.23,0.02,1.51
20020617,-8.755,-8.7,-8.675,-8.762,229200,0.0,-0.99,0.85,0.075,1.11
20020618,-8.685,-8.582,-8.58,-8.73,325200,0.0,-1.72,1.36,0.118,1.58
20020619,-8.58,-8.722,-8.52,-8.73,426600,0.0,-2.45,-1.63,-0.14,2.07
20020620,-8.745,-8.702,-8.645,-8.782,351400,0.0,-1.57,0.23,0.02,1.7
20020621,-8.72,-8.715,-8.65,-8.732,481000,0.0,-0.94,-0.15,-0.013,2.33
20020624,-8.685,-8.677,-8.615,-8.74,311000,0.0,-1.43,0.44,0.038,1.51
20020625,-8.675,-8.767,-8.615,-8.78,364600,0.0,-1.9,-1.04,-0.09,1.77
20020626,-8.78,-8.802,-8.775,-8.895,596200,0.0,-1.37,-0.4,-0.035,2.89
20020627,-8.837,-8.647,-8.567,-8.857,610400,0.0,-3.29,1.76,0.155,2.96
20020628,-8.52,-8.745,-8.52,-8.745,656600,0.0,-2.6,-1.13,-0.098,3.18
20020701,-8.69,-8.79,-8.67,-8.81,413400,0.0,-1.6,-0.51,-0.045,2.0
20020702,-8.795,-8.88,-8.795,-8.885,387200,0.0,-1.02,-1.02,-0.09,1.88
20020703,-8.885,-9.005,-8.87,-9.057,669000,0.0,-2.11,-1.41,-0.125,3.24
20020705,-8.99,-8.937,-8.857,-9.005,157200,0.0,-1.64,0.76,0.068,0.76
20020708,-8.96,-9.0,-8.89,-9.015,419200,0.0,-1.4,-0.7,-0.063,2.03
20020709,-8.995,-9.107,-8.925,-9.117,228800,0.0,-2.13,-1.19,-0.107,1.11
20020710,-9.065,-9.075,-9.025,-9.1,708400,0.0,-0.82,0.35,0.032,3.43
20020711,-9.057,-9.135,-9.055,-9.187,488800,0.0,-1.45,-0.66,-0.06,2.37
20020712,-9.14,-9.17,-9.1,-9.17,195800,0.0,-0.77,-0.38,-0.035,0.95
20020715,-9.17,-9.14,-9.117,-9.282,482400,0.0,-1.8,0.33,0.03,2.34
20020716,-9.14,-9.17,-9.135,-9.257,326600,0.0,-1.33,-0.33,-0.03,1.58
20020717,-9.145,-9.125,-9.05,-9.182,338400,0.0,-1.44,0.49,0.045,1.64
20020718,-9.14,-9.195,-9.07,-9.197,366200,0.0,-1.39,-0.77,-0.07,1.78
20020719,-9.23,-9.345,-9.2,-9.355,480800,0.0,-1.69,-1.63,-0.15,2.33
20020722,-9.35,-9.435,-9.25,-9.44,615000,0.0,-2.03,-0.96,-0.09,2.98
20020723,-9.42,-9.43,-9.32,-9.445,482000,0.0,-1.32,0.05,0.005,2.34
20020724,-9.442,-9.165,-9.085,-9.445,542200,0.0,-3.82,2.81,0.265,2.63
20020725,-9.17,-9.11,-9.0,-9.225,385800,0.0,-2.45,0.6,0.055,1.87
20020726,-9.12,-9.045,-9.042,-9.155,199200,0.0,-1.24,0.71,0.065,0.97
20020729,-9.04,-8.98,-8.927,-9.04,253600,0.0,-1.25,0.72,0.065,1.23
20020730,-8.945,-9.02,-8.945,-9.12,242800,0.0,-1.95,-0.45,-0.04,1.18
20020731,-9.02,-8.975,-8.9,-9.055,224400,0.0,-1.72,0.5,0.045,1.09
20020801,-8.95,-9.03,-8.935,-9.06,305400,0.0,-1.39,-0.61,-0.055,1.48
20020802,-9.037,-9.18,-9.037,-9.232,484200,0.0,-2.16,-1.66,-0.15,2.35
20020805,-9.185,-9.17,-9.03,-9.185,321600,0.0,-1.69,0.11,0.01,1.56
20020806,-9.17,-9.065,-9.065,-9.187,754600,0.0,-1.33,1.15,0.105,3.66
20020807,-9.065,-9.082,-8.997,-9.217,417600,0.0,-2.43,-0.19,-0.017,2.02
20020808,-9.112,-9.157,-9.045,-9.175,614400,0.0,-1.43,-0.83,-0.075,3.15
20020809,-9.152,-9.115,-9.082,-9.165,304400,0.0,-0.91,0.46,0.042,1.56
20020812,-9.115,-9.075,-9.02,-9.17,630400,0.0,-1.65,0.44,0.04,3.23
20020813,-9.057,-9.275,-9.057,-9.275,438600,0.0,-2.4,-2.2,-0.2,2.25
20020814,-9.272,-9.18,-9.175,-9.272,476800,0.0,-1.05,1.02,0.095,2.44
20020815,-9.17,-9.115,-9.095,-9.18,413000,0.0,-0.93,0.71,0.065,2.12
20020816,-9.132,-9.107,-9.107,-9.165,162800,0.0,-0.64,0.09,0.008,0.83
20020819,-9.14,-8.887,-8.875,-9.15,544600,0.0,-3.02,2.42,0.22,2.79
20020820,-8.937,-8.957,-8.87,-8.995,262600,0.0,-1.41,-0.79,-0.07,1.35
20020821,-8.965,-8.915,-8.87,-8.98,187600,0.0,-1.23,0.47,0.042,0.96
20020822,-8.915,-8.965,-8.915,-9.01,236200,0.0,-1.07,-0.56,-0.05,1.21
20020823,-8.99,-9.037,-8.942,-9.037,130800,0.0,-1.06,-0.8,-0.072,0.67
20020826,-9.035,-8.97,-8.97,-9.12,187800,0.0,-1.66,0.74,0.067,0.96
20020827,-8.97,-9.027,-8.905,-9.03,347200,0.0,-1.39,-0.64,-0.057,1.78
20020828,-9.027,-9.1,-9.02,-9.107,237800,0.0,-0.96,-0.81,-0.073,1.22
20020829,-9.107,-9.052,-9.025,-9.165,280200,0.0,-1.54,0.53,0.048,1.44
20020830,-9.035,-9.14,-9.027,-9.142,292600,0.0,-1.27,-0.97,-0.088,1.5
20020903,-9.175,-9.225,-9.125,-9.25,237600,0.0,-1.37,-0.93,-0.085,1.22
20020904,-9.22,-9.332,-9.22,-9.5,2020000,0.0,-3.04,-1.16,-0.107,10.35
20020905,-9.36,-9.375,-9.325,-9.385,285400,0.0,-0.64,-0.46,-0.043,1.46
20020906,-9.307,-9.3,-9.297,-9.377,174400,0.0,-0.85,0.8,0.075,0.89
20020909,-9.297,-9.26,-9.25,-9.345,275600,0.0,-1.02,0.43,0.04,1.41
20020910,-9.255,-9.282,-9.255,-9.357,578800,0.0,-1.1,-0.24,-0.022,2.97
20020911,-9.277,-9.3,-9.255,-9.355,391200,0.0,-1.08,-0.19,-0.018,2.01
20020912,-9.307,-9.41,-9.307,-9.425,451000,0.0,-1.27,-1.18,-0.11,2.31
20020913,-9.395,-9.387,-9.345,-9.467,322600,0.0,-1.3,0.24,0.023,1.65
20020916,-9.357,-9.407,-9.32,-9.415,370400,0.0,-1.01,-0.21,-0.02,1.9
20020917,-9.397,-9.47,-9.39,-9.47,523400,0.0,-0.85,-0.67,-0.063,2.68
20020918,-9.47,-9.457,-9.39,-9.495,935200,0.0,-1.11,0.14,0.013,4.79
20020919,-9.46,-9.47,-9.387,-9.47,253000,0.0,-0.88,-0.14,-0.013,1.3
20020920,-9.415,-9.465,-9.415,-9.47,361800,0.0,-0.58,0.05,0.005,1.85
20020923,-9.465,-9.5,-9.457,-9.5,352800,0.0,-0.45,-0.37,-0.035,1.81
20020924,-9.5,-9.495,-9.482,-9.535,440200,0.0,-0.56,0.05,0.005,2.26
20020925,-9.5,-9.31,-9.3,-9.5,756200,0.0,-2.11,1.95,0.185,3.88
20020926,-9.32,-9.162,-9.16,-9.33,531000,0.0,-1.83,1.59,0.148,2.72
20020927,-9.165,-9.215,-9.162,-9.222,313800,0.0,-0.65,-0.58,-0.053,1.61
20020930,-9.215,-9.28,-9.215,-9.405,499800,0.0,-2.06,-0.71,-0.065,2.56
20021001,-9.295,-9.16,-9.135,-9.295,488800,0.0,-1.72,1.29,0.12,2.51
20021002,-9.157,-9.17,-9.0,-9.215,607400,0.0,-2.35,-0.11,-0.01,3.11
20021003,-9.18,-9.14,-9.077,-9.182,420800,0.0,-1.15,0.33,0.03,2.16
20021004,-9.145,-9.165,-9.14,-9.232,472200,0.0,-1.01,-0.27,-0.025,2.42
20021007,-9.17,-9.29,-9.17,-9.3,311800,0.0,-1.42,-1.36,-0.125,1.6
20021008,-9.29,-9.18,-9.16,-9.29,333200,0.0,-1.4,1.18,0.11,1.71
20021009,-9.23,-9.202,-9.2,-9.395,724000,0.0,-2.12,-0.24,-0.022,3.71
20021010,-9.24,-9.295,-9.24,-9.382,639800,0.0,-1.54,-1.01,-0.093,3.28
20021011,-9.285,-9.31,-9.21,-9.33,638400,0.0,-1.29,-0.16,-0.015,3.27
20021014,-9.32,-9.305,-9.27,-9.345,411000,0.0,-0.81,0.05,0.005,2.11
20021015,-9.29,-9.145,-9.14,-9.29,461200,0.0,-1.61,1.72,0.16,2.36
20021016,-9.185,-9.247,-9.17,-9.275,504400,0.0,-1.15,-1.12,-0.102,2.59
20021017,-9.235,-9.24,-9.207,-9.34,195400,0.0,-1.44,0.08,0.007,1.0
20021018,-9.242,-9.225,-9.175,-9.295,161600,0.0,-1.3,0.16,0.015,0.83
20021021,-9.205,-9.132,-9.115,-9.275,122000,0.0,-1.73,1.01,0.093,0.63
20021022,-9.13,-9.147,-9.055,-9.187,275000,0.0,-1.45,-0.16,-0.015,1.41
20021023,-9.165,-9.097,-9.09,-9.177,133200,0.0,-0.95,0.55,0.05,0.68
20021024,-9.085,-9.137,-9.02,-9.137,230000,0.0,-1.29,-0.44,-0.04,1.18
20021025,-9.147,-9.08,-9.08,-9.155,131200,0.0,-0.82,0.62,0.057,0.67
20021028,-9.09,-9.195,-9.075,-9.207,181800,0.0,-1.45,-1.27,-0.115,0.93
20021029,-9.202,-9.165,-9.14,-9.272,227400,0.0,-1.44,0.33,0.03,1.17
20021030,-9.18,-9.305,-9.18,-9.412,608800,0.0,-2.53,-1.53,-0.14,3.12
20021031,-9.39,-9.665,-9.365,-9.7,2710600,0.0,-3.6,-3.87,-0.36,13.89
20021101,-9.652,-9.86,-9.62,-9.89,1717600,0.0,-2.79,-2.02,-0.195,8.8
20021104,-9.827,-9.78,-9.74,-9.837,932200,0.0,-0.98,0.81,0.08,4.78
20021105,-9.77,-9.732,-9.71,-9.795,262600,0.0,-0.87,0.49,0.048,1.35
20021106,-9.722,-9.62,-9.607,-9.725,717400,0.0,-1.21,1.15,0.112,3.68
20021107,-9.615,-9.64,-9.615,-9.67,370800,0.0,-0.57,-0.21,-0.02,1.99
20021108,-9.64,-9.63,-9.6,-9.662,444600,0.0,-0.64,0.1,0.01,2.38
20021111,-9.64,-9.705,-9.62,-9.707,488800,0.0,-0.9,-0.78,-0.075,2.62
20021112,-9.705,-9.692,-9.65,-9.72,408800,0.0,-0.72,0.13,0.013,2.19
20021113,-9.707,-9.605,-9.605,-9.725,480400,0.0,-1.24,0.9,0.087,2.57
20021114,-9.597,-9.515,-9.515,-9.597,282000,0.0,-0.85,0.94,0.09,1.51
20021115,-9.52,-9.515,-9.487,-9.575,244800,0.0,-0.92,0.0,0.0,1.31
20021118,-9.49,-9.542,-9.482,-9.57,591000,0.0,-0.92,-0.28,-0.027,3.16
20021119,-9.56,-9.6,-9.522,-9.605,270200,0.0,-0.87,-0.61,-0.058,1.45
20021120,-9.575,-9.497,-9.482,-9.62,404000,0.0,-1.44,1.07,0.103,2.16
20021121,-9.495,-9.49,-9.43,-9.52,237600,0.0,-0.95,0.07,0.007,1.27
20021122,-9.487,-9.47,-9.412,-9.54,195000,0.0,-1.35,0.21,0.02,1.04
20021125,-9.47,-9.5,-9.432,-9.51,216600,0.0,-0.82,-0.32,-0.03,1.16
20021126,-9.47,-9.607,-9.465,-9.607,531400,0.0,-1.49,-1.13,-0.107,2.84
20021127,-9.58,-9.477,-9.445,-9.59,280600,0.0,-1.51,1.35,0.13,1.5
20021129,-9.48,-9.527,-9.48,-9.53,55800,0.0,-0.53,-0.53,-0.05,0.3
20021202,-9.52,-9.537,-9.482,-9.545,321000,0.0,-0.66,-0.1,-0.01,1.72
20021203,-9.525,-9.65,-9.525,-9.657,353200,0.0,-1.38,-1.18,-0.113,1.89
20021204,-9.645,-9.597,-9.575,-9.702,511000,0.0,-1.32,0.55,0.053,2.74
20021205,-9.587,-9.56,-9.527,-9.637,334600,0.0,-1.15,0.39,0.037,1.79
20021206,-9.555,-9.515,-9.5,-9.582,281400,0.0,-0.86,0.47,0.045,1.51
20021209,-9.53,-9.58,-9.52,-9.595,184600,0.0,-0.79,-0.68,-0.065,0.99
20021210,-9.59,-9.52,-9.515,-9.595,211600,0.0,-0.84,0.63,0.06,1.13
20021211,-9.545,-9.505,-9.5,-9.57,218800,0.0,-0.74,0.16,0.015,1.17
20021212,-9.51,-9.465,-9.465,-9.55,305600,0.0,-0.89,0.42,0.04,1.64
20021213,-9.477,-9.505,-9.445,-9.53,270400,0.0,-0.9,-0.42,-0.04,1.45
20021216,-9.495,-9.515,-9.48,-9.532,317400,0.0,-0.55,-0.11,-0.01,1.7
20021217,-9.517,-9.625,-9.505,-9.65,986400,0.0,-1.52,-1.16,-0.11,5.28
20021218,-9.64,-9.582,-9.57,-9.64,711000,0.0,-0.73,0.45,0.043,3.81
20021219,-9.585,-9.592,-9.552,-9.6,258800,0.0,-0.5,-0.1,-0.01,1.39
20021220,-9.587,-9.575,-9.532,-9.602,409400,0.0,-0.73,0.18,0.017,2.19
20021223,-9.525,-9.475,-9.455,-9.55,458800,0.0,-0.99,1.04,0.1,2.46
20021224,-9.49,-9.457,-9.432,-9.515,163200,0.0,-0.88,0.19,0.018,0.87
20021226,-9.44,-9.407,-9.35,-9.457,265000,0.0,-1.13,0.53,0.05,1.42
20021227,-9.42,-9.405,-9.397,-9.432,461400,0.0,-0.37,0.02,0.002,2.47
20021230,-9.42,-9.43,-9.395,-9.465,221200,0.0,-0.74,-0.27,-0.025,1.23
20021231,-9.435,-9.435,-9.41,-9.45,138000,0.0,-0.42,-0.05,-0.005,0.76
20030102,-9.447,-9.437,-9.375,-9.465,648000,0.0,-0.95,-0.02,-0.002,3.59
20030103,-9.442,-9.487,-9.44,-9.56,364200,0.0,-1.27,-0.53,-0.05,2.02
20030106,-9.457,-9.435,-9.422,-9.485,325400,0.0,-0.66,0.55,0.052,1.8
20030107,-9.422,-9.452,-9.39,-9.467,193600,0.0,-0.82,-0.18,-0.017,1.07
20030108,-9.45,-9.425,-9.407,-9.505,255600,0.0,-1.04,0.29,0.027,1.42
20030109,-9.422,-9.42,-9.42,-9.45,365200,0.0,-0.32,0.05,0.005,2.02
20030110,-9.42,-9.415,-9.415,-9.45,134800,0.0,-0.37,0.05,0.005,0.75
20030113,-9.415,-9.422,-9.407,-9.47,252600,0.0,-0.67,-0.07,-0.007,1.4
20030114,-9.455,-9.47,-9.437,-9.487,272800,0.0,-0.53,-0.51,-0.048,1.51
20030115,-9.482,-9.44,-9.42,-9.522,214400,0.0,-1.08,0.32,0.03,1.19
20030116,-9.457,-9.495,-9.435,-9.515,195000,0.0,-0.85,-0.58,-0.055,1.08
20030117,-9.495,-9.627,-9.495,-9.64,284000,0.0,-1.53,-1.39,-0.132,1.57
20030121,-9.63,-9.67,-9.607,-9.68,324800,0.0,-0.76,-0.45,-0.043,1.8
20030122,-9.65,-9.687,-9.64,-9.715,383200,0.0,-0.78,-0.18,-0.017,2.12
20030123,-9.69,-9.74,-9.65,-9.745,496000,0.0,-0.98,-0.55,-0.053,2.75
20030124,-9.742,-9.732,-9.702,-9.815,575400,0.0,-1.16,0.08,0.008,3.19
20030127,-9.752,-9.762,-9.725,-9.855,258800,0.0,-1.34,-0.31,-0.03,1.43
20030128,-9.76,-9.745,-9.73,-9.765,195600,0.0,-0.36,0.17,0.017,1.08
20030129,-9.755,-9.76,-9.745,-9.78,364800,0.0,-0.36,-0.15,-0.015,2.02
20030130,-9.765,-9.772,-9.75,-9.775,198400,0.0,-0.26,-0.12,-0.012,1.1
20030131,-9.755,-9.765,-9.745,-9.78,289200,0.0,-0.36,0.07,0.007,1.6
20030203,-9.767,-9.757,-9.73,-9.795,502400,0.0,-0.67,0.08,0.008,2.78
20030204,-9.75,-9.78,-9.745,-9.782,221800,0.0,-0.38,-0.24,-0.023,1.23
20030205,-9.782,-9.807,-9.782,-9.82,585800,0.0,-0.39,-0.28,-0.027,3.25
20030206,-9.8,-9.875,-9.8,-9.875,502800,0.0,-0.76,-0.69,-0.068,2.79
20030207,-9.875,-9.96,-9.875,-9.975,1492200,0.0,-1.01,-0.86,-0.085,8.27
20030210,-9.955,-9.92,-9.92,-10.015,511000,0.0,-0.95,0.4,0.04,2.83
20030211,-9.92,-9.932,-9.825,-9.937,385200,0.0,-1.13,-0.12,-0.012,2.14
20030212,-9.965,-9.96,-9.925,-9.982,536800,0.0,-0.57,-0.28,-0.028,2.98
20030213,-9.965,-10.007,-9.95,-10.01,578600,0.0,-0.6,-0.47,-0.047,3.21
20030214,-9.925,-9.985,-9.92,-9.997,4363600,0.0,-0.77,0.22,0.022,24.19
20030218,-9.97,-9.94,-9.92,-9.995,637600,0.0,-0.75,0.45,0.045,3.53
20030219,-9.955,-9.91,-9.895,-9.965,417200,0.0,-0.7,0.3,0.03,2.31
20030220,-9.927,-9.945,-9.89,-9.945,276200,0.0,-0.55,-0.35,-0.035,1.53
20030221,-9.952,-9.95,-9.907,-9.97,269200,0.0,-0.63,-0.05,-0.005,1.49
20030224,-9.97,-10.007,-9.96,-10.012,397200,0.0,-0.52,-0.57,-0.057,2.2
20030225,-10.007,-10.05,-10.005,-10.085,858800,0.0,-0.8,-0.43,-0.043,4.76
20030226,-10.135,-9.907,-9.88,-10.19,1163400,0.0,-3.08,1.42,0.143,6.45
20030227,-9.945,-10.005,-9.91,-10.015,711000,0.0,-1.06,-0.99,-0.098,3.94
20030228,-10.02,-9.95,-9.897,-10.02,461400,0.0,-1.23,0.55,0.055,2.56
20030303,-9.92,-9.965,-9.92,-9.982,406000,0.0,-0.62,-0.15,-0.015,2.25
20030304,-9.987,-9.975,-9.935,-10.01,231800,0.0,-0.75,-0.1,-0.01,1.28
20030305,-9.985,-10.0,-9.97,-10.02,162200,0.0,-0.5,-0.25,-0.025,0.9
20030306,-9.98,-9.982,-9.972,-10.025,220800,0.0,-0.53,0.18,0.018,1.22
20030307,-9.99,-10.0,-9.97,-10.015,216200,0.0,-0.45,-0.18,-0.018,1.2
20030310,-10.015,-10.0,-10.0,-10.04,222200,0.0,-0.4,0.0,0.0,1.23
20030311,-10.01,-9.995,-9.977,-10.022,349200,0.0,-0.45,0.05,0.005,1.94
20030312,-9.995,-9.995,-9.98,-10.025,205000,0.0,-0.45,0.0,0.0,1.14
20030313,-9.98,-9.92,-9.895,-9.995,427600,0.0,-1.0,0.75,0.075,2.37
20030314,-9.92,-9.935,-9.89,-9.957,231200,0.0,-0.68,-0.15,-0.015,1.29
20030317,-9.937,-9.815,-9.81,-9.94,276400,0.0,-1.31,1.21,0.12,1.54
20030318,-9.832,-9.807,-9.807,-9.87,225600,0.0,-0.64,0.08,0.008,1.26
20030319,-9.815,-9.775,-9.74,-9.82,285000,0.0,-0.82,0.33,0.032,1.59
20030320,-9.775,-9.76,-9.757,-9.842,181400,0.0,-0.87,0.15,0.015,1.01
20030321,-9.72,-9.67,-9.67,-9.795,325200,0.0,-1.28,0.92,0.09,1.82
20030324,-9.692,-9.745,-9.692,-9.79,253400,0.0,-1.01,-0.78,-0.075,1.42
20030325,-9.757,-9.745,-9.69,-9.85,594200,0.0,-1.64,0.0,0.0,3.32
20030326,-9.732,-9.765,-9.707,-9.772,354800,0.0,-0.67,-0.21,-0.02,1.98
20030327,-9.77,-9.73,-9.72,-9.777,243200,0.0,-0.58,0.36,0.035,1.36
20030328,-9.765,-9.682,-9.675,-9.77,398000,0.0,-0.98,0.49,0.048,2.22
20030331,-9.7,-9.79,-9.695,-9.795,303200,0.0,-1.03,-1.12,-0.108,1.69
20030401,-9.795,-9.827,-9.76,-9.835,309400,0.0,-0.77,-0.38,-0.037,1.73
20030402,-9.795,-9.722,-9.715,-9.812,218000,0.0,-0.99,1.07,0.105,1.22
20030403,-9.72,-9.76,-9.717,-9.77,208200,0.0,-0.55,-0.39,-0.038,1.16
20030404,-9.762,-9.737,-9.722,-9.77,197400,0.0,-0.49,0.24,0.023,1.1
20030407,-9.732,-9.76,-9.665,-9.775,255200,0.0,-1.13,-0.24,-0.023,1.43
20030408,-9.765,-9.762,-9.725,-9.782,174800,0.0,-0.58,-0.02,-0.002,0.98
20030409,-9.837,-9.98,-9.81,-9.982,853000,0.0,-1.76,-2.23,-0.218,4.77
20030410,-9.98,-10.005,-9.95,-10.045,678200,0.0,-0.95,-0.25,-0.025,3.79
20030411,-10.005,-9.99,-9.945,-10.005,282400,0.0,-0.6,0.15,0.015,1.58
20030414,-9.955,-9.9,-9.9,-9.985,260400,0.0,-0.85,0.9,0.09,1.45
20030415,-9.902,-9.962,-9.9,-9.97,237800,0.0,-0.71,-0.63,-0.062,1.33
20030416,-9.937,-9.915,-9.9,-9.967,281800,0.0,-0.67,0.47,0.047,1.57
20030417,-9.9,-9.84,-9.79,-9.905,345000,0.0,-1.16,0.76,0.075,1.93
20030421,-9.87,-9.92,-9.835,-9.93,259200,0.0,-0.97,-0.81,-0.08,1.45
20030422,-9.932,-9.892,-9.882,-10.002,357800,0.0,-1.21,0.28,0.028,2.0
20030423,-9.892,-9.857,-9.83,-9.907,326800,0.0,-0.78,0.35,0.035,1.83
20030424,-9.875,-9.825,-9.802,-9.875,262800,0.0,-0.74,0.32,0.032,1.47
20030425,-9.82,-9.96,-9.82,-9.962,144400,0.0,-1.45,-1.37,-0.135,0.81
20030428,-9.955,-9.88,-9.88,-9.96,168600,0.0,-0.8,0.8,0.08,0.94
20030429,-9.905,-9.925,-9.88,-9.962,302400,0.0,-0.83,-0.46,-0.045,1.69
20030430,-10.07,-9.95,-9.89,-10.095,678200,0.0,-2.07,-0.25,-0.025,3.79
20030501,-9.947,-9.92,-9.915,-9.995,495600,0.0,-0.8,0.3,0.03,2.77
20030502,-9.92,-9.87,-9.83,-9.945,567200,0.0,-1.16,0.5,0.05,3.17
20030505,-9.87,-9.927,-9.842,-9.94,624000,0.0,-0.99,-0.58,-0.057,3.49
20030506,-9.94,-9.925,-9.87,-9.942,332400,0.0,-0.73,0.02,0.002,1.86
20030507,-9.932,-9.935,-9.917,-9.955,227200,0.0,-0.38,-0.1,-0.01,1.27
20030508,-9.942,-9.965,-9.915,-9.977,309200,0.0,-0.62,-0.3,-0.03,1.73
20030509,-9.945,-9.957,-9.93,-9.972,320200,0.0,-0.42,0.08,0.008,1.79
20030512,-9.975,-9.89,-9.89,-9.982,261200,0.0,-0.92,0.67,0.067,1.46
20030513,-9.9,-9.925,-9.895,-9.945,406400,0.0,-0.51,-0.35,-0.035,2.27
20030514,-9.92,-9.925,-9.9,-9.972,372400,0.0,-0.73,0.0,0.0,2.08
20030515,-9.907,-9.935,-9.9,-9.97,673000,0.0,-0.71,-0.1,-0.01,3.76
20030516,-9.962,-9.972,-9.915,-9.972,349600,0.0,-0.57,-0.37,-0.037,1.95
20030519,-9.965,-10.012,-9.962,-10.017,372200,0.0,-0.55,-0.4,-0.04,2.08
20030520,-10.012,-10.02,-9.965,-10.04,350200,0.0,-0.75,-0.08,-0.008,1.96
20030521,-10.02,-9.977,-9.965,-10.03,206600,0.0,-0.65,0.43,0.043,1.15
20030522,-9.977,-10.002,-9.977,-10.035,130800,0.0,-0.58,-0.25,-0.025,0.73
20030523,-9.985,-9.965,-9.965,-10.03,103600,0.0,-0.65,0.37,0.037,0.58
20030527,-9.97,-9.955,-9.93,-10.007,216200,0.0,-0.77,0.1,0.01,1.21
20030528,-9.937,-9.93,-9.912,-9.955,200800,0.0,-0.43,0.25,0.025,1.12
20030529,-9.935,-9.885,-9.872,-9.957,375800,0.0,-0.86,0.45,0.045,2.1
20030530,-9.875,-9.82,-9.815,-9.9,184400,0.0,-0.86,0.66,0.065,1.03
20030602,-9.815,-9.825,-9.805,-9.88,220800,0.0,-0.76,-0.05,-0.005,1.23
20030603,-9.84,-9.825,-9.805,-9.88,314600,0.0,-0.76,0.0,0.0,1.76
20030604,-9.85,-9.715,-9.695,-9.85,913800,0.0,-1.58,1.12,0.11,5.1
20030605,-9.717,-9.67,-9.67,-9.74,306400,0.0,-0.72,0.46,0.045,1.71
20030606,-9.667,-9.59,-9.54,-9.67,620800,0.0,-1.34,0.83,0.08,3.47
20030609,-9.57,-9.622,-9.57,-9.64,357200,0.0,-0.73,-0.33,-0.032,2.0
20030610,-9.625,-9.562,-9.545,-9.635,386800,0.0,-0.94,0.62,0.06,2.16
20030611,-9.582,-9.537,-9.537,-9.62,283200,0.0,-0.87,0.26,0.025,1.58
20030612,-9.55,-9.605,-9.545,-9.63,521400,0.0,-0.89,-0.71,-0.068,2.91
20030613,-9.605,-9.67,-9.58,-9.7,303200,0.0,-1.25,-0.68,-0.065,1.69
20030616,-9.67,-9.585,-9.58,-9.67,111000,0.0,-0.93,0.88,0.085,0.62
20030617,-9.595,-9.55,-9.545,-9.605,183200,0.0,-0.63,0.37,0.035,1.02
20030618,-9.565,-9.56,-9.53,-9.607,253600,0.0,-0.81,-0.1,-0.01,1.42
20030619,-9.592,-9.575,-9.51,-9.6,258000,0.0,-0.94,-0.16,-0.015,1.44
20030620,-9.565,-9.545,-9.505,-9.587,401600,0.0,-0.86,0.31,0.03,2.24
20030623,-9.517,-9.545,-9.485,-9.59,366200,0.0,-1.1,0.0,0.0,2.05
20030624,-9.55,-9.41,-9.4,-9.55,450400,0.0,-1.57,1.41,0.135,2.52
20030625,-9.42,-9.34,-9.337,-9.43,521800,0.0,-0.99,0.74,0.07,2.92
20030626,-9.355,-9.365,-9.35,-9.387,277600,0.0,-0.4,-0.27,-0.025,1.55
20030627,-9.375,-9.415,-9.375,-9.437,318200,0.0,-0.66,-0.53,-0.05,1.78
20030630,-9.445,-9.425,-9.36,-9.445,391200,0.0,-0.9,-0.11,-0.01,2.19
20030701,-9.415,-9.447,-9.407,-9.49,374600,0.0,-0.88,-0.23,-0.022,2.09
20030702,-9.45,-9.39,-9.39,-9.475,433400,0.0,-0.9,0.6,0.057,2.42
20030703,-9.39,-9.45,-9.39,-9.455,124000,0.0,-0.69,-0.64,-0.06,0.69
20030707,-9.43,-9.39,-9.382,-9.462,295200,0.0,-0.85,0.63,0.06,1.65
20030708,-9.392,-9.39,-9.365,-9.492,368800,0.0,-1.35,0.0,0.0,2.06
20030709,-9.542,-9.52,-9.4,-9.555,1051600,0.0,-1.65,-1.38,-0.13,5.87
20030710,-9.557,-9.635,-9.52,-9.74,983600,0.0,-2.31,-1.21,-0.115,5.49
20030711,-9.615,-9.632,-9.605,-9.642,276400,0.0,-0.38,0.03,0.003,1.54
20030714,-9.615,-9.62,-9.537,-9.63,513400,0.0,-0.97,0.12,0.012,2.87
20030715,-9.595,-9.69,-9.595,-9.71,222600,0.0,-1.2,-0.73,-0.07,1.24
20030716,-9.695,-9.7,-9.675,-9.732,192200,0.0,-0.59,-0.1,-0.01,1.07
20030717,-9.72,-9.732,-9.67,-9.732,314600,0.0,-0.64,-0.33,-0.032,1.76
20030718,-9.72,-9.732,-9.715,-9.745,251800,0.0,-0.31,0.0,0.0,1.41
20030721,-9.715,-9.795,-9.715,-9.822,217800,0.0,-1.1,-0.65,-0.063,1.22
20030722,-9.795,-9.772,-9.717,-9.835,285000,0.0,-1.2,0.23,0.023,1.59
20030723,-9.79,-9.735,-9.722,-9.8,108000,0.0,-0.8,0.38,0.037,0.6
20030724,-9.735,-9.817,-9.685,-9.825,337600,0.0,-1.44,-0.84,-0.082,1.89
20030725,-9.815,-9.805,-9.74,-9.837,292800,0.0,-0.99,0.12,0.012,1.64
20030728,-9.775,-9.795,-9.775,-9.85,196200,0.0,-0.76,0.1,0.01,1.1
20030729,-9.802,-9.757,-9.74,-9.832,375400,0.0,-0.94,0.39,0.038,2.1
20030730,-9.72,-9.645,-9.585,-9.745,597400,0.0,-1.64,1.15,0.112,3.34
20030731,-9.6,-9.625,-9.505,-9.685,736400,0.0,-1.87,0.21,0.02,4.11
20030801,-9.625,-9.75,-9.615,-9.77,416800,0.0,-1.61,-1.3,-0.125,2.33
20030804,-9.755,-9.697,-9.69,-9.825,249800,0.0,-1.38,0.54,0.053,1.4
20030805,-9.725,-9.805,-9.66,-9.807,324000,0.0,-1.52,-1.11,-0.108,1.81
20030806,-9.795,-9.77,-9.74,-9.87,348400,0.0,-1.33,0.36,0.035,1.95
20030807,-9.77,-9.787,-9.712,-9.795,342000,0.0,-0.85,-0.17,-0.017,1.91
20030808,-9.79,-9.775,-9.76,-9.79,152000,0.0,-0.31,0.12,0.012,0.85
20030811,-9.775,-9.805,-9.775,-9.81,160200,0.0,-0.36,-0.31,-0.03,0.89
20030812,-9.765,-9.72,-9.72,-9.81,92600,0.0,-0.92,0.87,0.085,0.52
20030813,-9.745,-9.745,-9.712,-9.765,239600,0.0,-0.55,-0.26,-0.025,1.34
20030814,-9.737,-9.69,-9.69,-9.77,307000,0.0,-0.82,0.56,0.055,1.71
20030815,-9.715,-9.69,-9.662,-9.722,32400,0.0,-0.62,0.0,0.0,0.18
20030818,-9.7,-9.79,-9.695,-9.797,546600,0.0,-1.05,-1.03,-0.1,3.05
20030819,-9.765,-9.71,-9.702,-9.795,268800,0.0,-0.95,0.82,0.08,1.5
20030820,-9.7,-9.682,-9.67,-9.745,195400,0.0,-0.77,0.29,0.028,1.09
20030821,-9.657,-9.742,-9.652,-9.745,230400,0.0,-0.96,-0.62,-0.06,1.29
20030822,-9.745,-9.795,-9.725,-9.817,81600,0.0,-0.94,-0.54,-0.053,0.46
20030825,-9.8,-9.872,-9.8,-9.895,652400,0.0,-0.97,-0.79,-0.077,3.64
20030826,-9.92,-9.835,-9.835,-9.92,241400,0.0,-0.86,0.37,0.037,1.35
20030827,-9.835,-9.79,-9.775,-9.857,108200,0.0,-0.83,0.46,0.045,0.6
20030828,-9.775,-9.74,-9.74,-9.82,189000,0.0,-0.82,0.51,0.05,1.05
20030829,-9.765,-9.77,-9.73,-9.77,120800,0.0,-0.41,-0.31,-0.03,0.67
20030902,-9.77,-9.765,-9.74,-9.82,298000,0.0,-0.82,0.05,0.005,1.66
20030903,-9.755,-9.802,-9.755,-9.822,332800,0.0,-0.69,-0.38,-0.037,1.86
20030904,-9.805,-9.815,-9.782,-9.825,278000,0.0,-0.44,-0.13,-0.013,1.55
20030905,-9.8,-9.832,-9.8,-9.845,309200,0.0,-0.46,-0.17,-0.017,1.72
20030908,-9.832,-9.78,-9.742,-9.84,345800,0.0,-1.0,0.53,0.052,1.93
20030909,-9.785,-9.837,-9.765,-9.84,317200,0.0,-0.77,-0.58,-0.057,1.77
20030910,-9.857,-9.78,-9.765,-9.857,374000,0.0,-0.94,0.58,0.057,2.09
20030911,-9.775,-9.77,-9.765,-9.8,119200,0.0,-0.36,0.1,0.01,0.66
20030912,-9.775,-9.82,-9.775,-9.855,343200,0.0,-0.82,-0.51,-0.05,1.91
20030915,-9.825,-9.8,-9.775,-9.865,604000,0.0,-0.92,0.2,0.02,3.37
20030916,-9.805,-9.755,-9.745,-9.832,316800,0.0,-0.89,0.46,0.045,1.77
20030917,-9.77,-9.732,-9.715,-9.775,271200,0.0,-0.62,0.24,0.023,1.51
20030918,-9.745,-9.687,-9.627,-9.775,332200,0.0,-1.52,0.46,0.045,1.85
20030919,-9.7,-9.675,-9.635,-9.74,211000,0.0,-1.08,0.12,0.012,1.18
20030922,-9.69,-9.777,-9.69,-9.777,122200,0.0,-0.9,-1.05,-0.102,0.68
20030923,-9.77,-9.745,-9.73,-9.782,269000,0.0,-0.53,0.33,0.032,1.5
20030924,-9.735,-9.72,-9.72,-9.757,112800,0.0,-0.38,0.26,0.025,0.63
20030925,-9.717,-9.825,-9.717,-9.837,420200,0.0,-1.23,-1.08,-0.105,2.34
20030926,-9.82,-9.825,-9.757,-9.85,363800,0.0,-0.95,0.0,0.0,2.03
20030929,-9.815,-9.795,-9.752,-9.855,546000,0.0,-1.05,0.31,0.03,3.05
20030930,-9.807,-9.82,-9.775,-9.85,258000,0.0,-0.77,-0.26,-0.025,1.44
20031001,-9.825,-9.762,-9.742,-9.837,202200,0.0,-0.97,0.59,0.058,1.13
20031002,-9.757,-9.747,-9.725,-9.762,376600,0.0,-0.38,0.15,0.015,2.1
20031003,-9.73,-9.68,-9.665,-9.735,311800,0.0,-0.72,0.69,0.067,1.74
20031006,-9.665,-9.67,-9.665,-9.715,118000,0.0,-0.52,0.1,0.01,0.66
20031007,-9.682,-9.64,-9.625,-9.69,174800,0.0,-0.67,0.31,0.03,0.97
20031008,-9.92,-9.89,-9.835,-9.957,1455600,0.0,-1.27,-2.59,-0.25,8.12
20031009,-9.88,-9.865,-9.827,-9.895,478600,0.0,-0.69,0.25,0.025,2.67
20031010,-9.887,-9.9,-9.85,-9.9,180200,0.0,-0.51,-0.35,-0.035,1.01
20031013,-9.895,-9.855,-9.855,-9.9,219000,0.0,-0.45,0.45,0.045,1.22
20031014,-9.857,-9.885,-9.857,-9.907,165600,0.0,-0.51,-0.3,-0.03,0.92
20031015,-9.865,-9.89,-9.857,-9.89,190200,0.0,-0.33,-0.05,-0.005,1.06
20031016,-9.887,-9.85,-9.832,-9.887,128200,0.0,-0.56,0.4,0.04,0.72
20031017,-9.872,-9.85,-9.845,-9.89,157800,0.0,-0.46,0.0,0.0,0.88
20031020,-9.86,-9.87,-9.835,-9.882,278600,0.0,-0.48,-0.2,-0.02,1.55
20031021,-9.86,-9.875,-9.85,-9.882,130800,0.0,-0.32,-0.05,-0.005,0.73
20031022,-9.882,-9.91,-9.882,-9.91,358600,0.0,-0.28,-0.35,-0.035,2.0
20031023,-9.91,-9.945,-9.907,-9.945,583200,0.0,-0.38,-0.35,-0.035,3.25
20031024,-9.95,-9.93,-9.86,-9.95,300200,0.0,-0.9,0.15,0.015,1.67
20031027,-9.93,-9.915,-9.875,-9.935,671800,0.0,-0.6,0.15,0.015,3.75
20031028,-9.92,-9.81,-9.81,-9.92,413800,0.0,-1.11,1.06,0.105,2.31
20031029,-9.92,-9.69,-9.685,-9.92,765400,0.0,-2.4,1.22,0.12,4.27
20031030,-9.685,-9.72,-9.675,-9.732,252000,0.0,-0.59,-0.31,-0.03,1.41
20031031,-9.715,-9.66,-9.557,-9.72,693200,0.0,-1.68,0.62,0.06,3.87
20031103,-9.622,-9.635,-9.57,-9.65,370200,0.0,-0.83,0.26,0.025,2.06
20031104,-9.635,-9.6,-9.577,-9.635,163400,0.0,-0.6,0.36,0.035,0.91
20031105,-9.59,-9.607,-9.59,-9.64,380400,0.0,-0.52,-0.07,-0.007,2.12
20031106,-9.62,-9.61,-9.59,-9.637,272800,0.0,-0.49,-0.03,-0.003,1.52
20031107,-9.607,-9.485,-9.485,-9.62,692600,0.0,-1.4,1.3,0.125,3.85
20031110,-9.502,-9.54,-9.49,-9.557,251400,0.0,-0.71,-0.58,-0.055,1.4
20031111,-9.535,-9.545,-9.532,-9.572,122400,0.0,-0.42,-0.05,-0.005,0.68
20031112,-9.545,-9.545,-9.47,-9.555,423800,0.0,-0.89,0.0,0.0,2.36
20031113,-9.537,-9.545,-9.532,-9.557,222400,0.0,-0.26,0.0,0.0,1.24
20031114,-9.545,-9.557,-9.532,-9.57,210400,0.0,-0.4,-0.13,-0.012,1.17
20031117,-9.562,-9.58,-9.545,-9.592,326000,0.0,-0.49,-0.24,-0.023,1.81
20031118,-9.592,-9.63,-9.565,-9.635,452200,0.0,-0.73,-0.52,-0.05,2.51
20031119,-9.632,-9.682,-9.632,-9.7,381000,0.0,-0.71,-0.54,-0.052,2.12
20031120,-9.68,-9.67,-9.67,-9.692,422800,0.0,-0.23,0.12,0.012,2.35
20031121,-9.657,-9.675,-9.65,-9.7,671400,0.0,-0.52,-0.05,-0.005,3.73
20031124,-9.645,-9.615,-9.6,-9.645,431600,0.0,-0.47,0.62,0.06,2.4
20031125,-9.595,-9.615,-9.56,-9.62,289200,0.0,-0.62,0.0,0.0,1.61
20031126,-9.58,-9.62,-9.58,-9.645,147200,0.0,-0.68,-0.05,-0.005,0.82
20031128,-9.605,-9.62,-9.595,-9.62,92800,0.0,-0.26,0.0,0.0,0.52
20031201,-9.615,-9.535,-9.515,-9.615,233000,0.0,-1.04,0.88,0.085,1.3
20031202,-9.515,-9.535,-9.505,-9.547,176400,0.0,-0.44,0.0,0.0,0.98
20031203,-9.545,-9.357,-9.22,-9.545,1447800,0.0,-3.41,1.87,0.178,8.05
20031204,-9.345,-9.31,-9.202,-9.35,1048600,0.0,-1.58,0.5,0.047,5.83
20031205,-9.307,-9.315,-9.3,-9.35,528400,0.0,-0.54,-0.05,-0.005,2.94
20031208,-9.292,-9.195,-9.185,-9.332,635000,0.0,-1.58,1.29,0.12,3.53
20031209,-9.19,-9.295,-9.182,-9.295,427400,0.0,-1.23,-1.09,-0.1,2.38
20031210,-9.3,-9.27,-9.18,-9.307,552800,0.0,-1.37,0.27,0.025,3.07
20031211,-9.27,-9.02,-8.91,-9.27,1410600,0.0,-3.88,2.7,0.25,7.84
20031212,-9.035,-8.88,-8.815,-9.035,1478800,0.0,-2.44,1.55,0.14,8.22
20031215,-8.85,-8.99,-8.835,-9.01,1067600,0.0,-1.97,-1.24,-0.11,5.94
20031216,-8.985,-8.95,-8.89,-9.015,415600,0.0,-1.39,0.44,0.04,2.31
20031217,-8.927,-8.96,-8.865,-8.965,586000,0.0,-1.12,-0.11,-0.01,3.26
20031218,-8.97,-8.925,-8.885,-8.995,484200,0.0,-1.23,0.39,0.035,2.69
20031219,-8.885,-8.87,-8.845,-8.925,290800,0.0,-0.9,0.62,0.055,1.62
20031222,-8.892,-8.842,-8.815,-8.892,468400,0.0,-0.87,0.32,0.028,2.6
20031223,-8.855,-8.782,-8.68,-8.857,674400,0.0,-2.0,0.68,0.06,3.75
20031224,-8.782,-8.837,-8.782,-8.87,194600,0.0,-1.0,-0.63,-0.055,1.08
20031226,-8.835,-8.815,-8.77,-8.835,104800,0.0,-0.74,0.25,0.022,0.58
20031229,-8.795,-8.76,-8.7,-8.83,363000,0.0,-1.47,0.62,0.055,2.0
20031230,-8.735,-8.79,-8.67,-8.79,274600,0.0,-1.37,-0.34,-0.03,1.52
20031231,-8.695,-8.747,-8.682,-8.777,319200,0.0,-1.08,0.49,0.043,1.76
20040102,-8.74,-8.735,-8.72,-8.795,239400,0.0,-0.86,0.14,0.012,1.32
20040105,-8.732,-8.83,-8.732,-8.83,334200,0.0,-1.12,-1.09,-0.095,1.85
20040106,-8.815,-8.802,-8.732,-8.815,316200,0.0,-0.94,0.32,0.028,1.75
20040107,-8.857,-8.907,-8.85,-8.92,685600,0.0,-0.8,-1.19,-0.105,3.79
20040108,-8.895,-8.912,-8.89,-8.92,281200,0.0,-0.34,-0.06,-0.005,1.55
20040109,-8.895,-8.945,-8.895,-8.95,362200,0.0,-0.62,-0.37,-0.033,2.0
20040112,-8.95,-8.902,-8.885,-8.95,298600,0.0,-0.73,0.48,0.043,1.65
20040113,-8.895,-8.87,-8.86,-8.92,323000,0.0,-0.67,0.36,0.032,1.78
20040114,-8.87,-8.875,-8.852,-8.91,229400,0.0,-0.65,-0.06,-0.005,1.27
20040115,-8.827,-8.847,-8.815,-8.89,220000,0.0,-0.85,0.32,0.028,1.21
20040116,-8.855,-8.82,-8.8,-8.855,131000,0.0,-0.62,0.31,0.027,0.72
20040120,-8.82,-8.795,-8.795,-8.885,177400,0.0,-1.02,0.28,0.025,0.98
20040121,-8.787,-8.77,-8.737,-8.79,215400,0.0,-0.6,0.28,0.025,1.19
20040122,-8.765,-8.772,-8.765,-8.82,222800,0.0,-0.63,-0.02,-0.002,1.23
20040123,-8.792,-8.732,-8.732,-8.795,266400,0.0,-0.72,0.46,0.04,1.47
20040126,-8.78,-8.732,-8.73,-8.78,296200,0.0,-0.57,0.0,0.0,1.64
20040127,-8.75,-8.72,-8.635,-8.75,395800,0.0,-1.32,0.14,0.012,2.19
20040128,-8.742,-8.79,-8.67,-8.79,165800,0.0,-1.38,-0.8,-0.07,0.92
20040129,-8.782,-8.665,-8.665,-8.782,132400,0.0,-1.33,1.42,0.125,0.73
20040130,-8.675,-8.67,-8.642,-8.685,208000,0.0,-0.5,-0.06,-0.005,1.15
20040202,-8.67,-8.69,-8.66,-8.705,165200,0.0,-0.52,-0.23,-0.02,0.91
20040203,-8.665,-8.587,-8.565,-8.745,593200,0.0,-2.07,1.19,0.103,3.28
20040204,-8.567,-8.705,-8.567,-8.795,235400,0.0,-2.66,-1.37,-0.118,1.3
20040205,-8.71,-8.642,-8.62,-8.71,127200,0.0,-1.03,0.72,0.063,0.7
20040206,-8.652,-8.57,-8.57,-8.655,223400,0.0,-0.98,0.83,0.072,1.23
20040209,-8.61,-8.545,-8.545,-8.612,164600,0.0,-0.78,0.29,0.025,0.91
20040210,-8.547,-8.545,-8.545,-8.565,320600,0.0,-0.23,0.0,0.0,1.77
20040211,-8.55,-8.447,-8.447,-8.55,247200,0.0,-1.21,1.15,0.098,1.36
20040212,-8.445,-8.495,-8.445,-8.52,237000,0.0,-0.89,-0.57,-0.048,1.31
20040213,-8.52,-8.52,-8.482,-8.557,210400,0.0,-0.88,-0.29,-0.025,1.16
20040217,-8.525,-8.477,-8.477,-8.532,139600,0.0,-0.65,0.5,0.043,0.77
20040218,-8.47,-8.48,-8.462,-8.505,151200,0.0,-0.51,-0.04,-0.003,0.83
20040219,-8.487,-8.55,-8.465,-8.55,131800,0.0,-1.0,-0.83,-0.07,0.73
20040220,-8.545,-8.462,-8.445,-8.55,462000,0.0,-1.23,1.03,0.088,2.55
20040223,-8.445,-8.482,-8.445,-8.5,268200,0.0,-0.65,-0.24,-0.02,1.48
20040224,-8.485,-8.47,-8.432,-8.52,236400,0.0,-1.04,0.14,0.012,1.31
20040225,-8.45,-8.427,-8.395,-8.485,438400,0.0,-1.06,0.51,0.043,2.42
20040226,-8.427,-8.3,-8.3,-8.45,512800,0.0,-1.78,1.51,0.127,2.83
20040227,-8.295,-8.335,-8.295,-8.345,468200,0.0,-0.6,-0.42,-0.035,2.58
20040301,-8.32,-8.307,-8.297,-8.345,186600,0.0,-0.58,0.34,0.028,1.06
20040302,-8.302,-8.42,-8.302,-8.43,676600,0.0,-1.54,-1.36,-0.113,3.84
20040303,-8.417,-8.425,-8.415,-8.445,188000,0.0,-0.36,-0.06,-0.005,1.07
20040304,-8.442,-8.4,-8.365,-8.46,241400,0.0,-1.13,0.3,0.025,1.37
20040305,-8.44,-8.385,-8.367,-8.44,365600,0.0,-0.87,0.18,0.015,2.07
20040308,-8.395,-8.397,-8.365,-8.415,200200,0.0,-0.6,-0.14,-0.012,1.14
20040309,-8.385,-8.435,-8.385,-8.455,181600,0.0,-0.83,-0.45,-0.038,1.03
20040310,-8.46,-8.512,-8.402,-8.542,207600,0.0,-1.66,-0.91,-0.077,1.18
20040311,-8.535,-8.56,-8.535,-8.565,328600,0.0,-0.35,-0.56,-0.048,1.86
20040312,-8.545,-8.545,-8.545,-8.565,252800,0.0,-0.23,0.18,0.015,1.43
20040315,-8.545,-8.617,-8.545,-8.635,149400,0.0,-1.05,-0.84,-0.072,0.85
20040316,-8.622,-8.605,-8.55,-8.655,295000,0.0,-1.22,0.14,0.012,1.67
20040317,-8.575,-8.57,-8.545,-8.595,232800,0.0,-0.58,0.41,0.035,1.32
20040318,-8.59,-8.55,-8.545,-8.59,346000,0.0,-0.53,0.23,0.02,1.96
20040319,-8.545,-8.665,-8.545,-8.665,261600,0.0,-1.4,-1.35,-0.115,1.48
20040322,-8.67,-8.62,-8.57,-8.72,313800,0.0,-1.73,0.52,0.045,1.78
20040323,-8.59,-8.64,-8.59,-8.64,337800,0.0,-0.58,-0.23,-0.02,1.92
20040324,-8.635,-8.667,-8.59,-8.68,590000,0.0,-1.04,-0.31,-0.027,3.34
20040325,-8.67,-8.695,-8.62,-8.7,668000,0.0,-0.92,-0.32,-0.028,3.79
20040326,-8.69,-8.582,-8.567,-8.69,371400,0.0,-1.41,1.3,0.113,2.11
20040329,-8.58,-8.595,-8.575,-8.62,261800,0.0,-0.52,-0.15,-0.013,1.48
20040330,-8.582,-8.53,-8.505,-8.59,332400,0.0,-0.99,0.76,0.065,1.88
20040331,-8.575,-8.7,-8.562,-8.725,916000,0.0,-1.91,-1.99,-0.17,5.19
20040401,-8.71,-8.815,-8.7,-8.817,744800,0.0,-1.34,-1.32,-0.115,4.22
20040402,-8.82,-8.77,-8.69,-8.82,502800,0.0,-1.47,0.51,0.045,2.85
20040405,-8.79,-8.805,-8.765,-8.805,740200,0.0,-0.46,-0.4,-0.035,4.2
20040406,-8.82,-9.035,-8.807,-9.035,1327400,0.0,-2.59,-2.61,-0.23,7.53
20040407,-9.137,-8.77,-8.76,-9.2,2473600,0.0,-4.87,2.93,0.265,14.02
20040408,-8.77,-8.795,-8.725,-8.837,397000,0.0,-1.28,-0.29,-0.025,2.25
20040412,-8.795,-8.775,-8.74,-8.805,277800,0.0,-0.74,0.23,0.02,1.57
20040413,-8.805,-8.85,-8.79,-8.87,749200,0.0,-0.91,-0.85,-0.075,4.25
20040414,-8.877,-8.955,-8.865,-8.955,807800,0.0,-1.02,-1.19,-0.105,4.58
20040415,-8.945,-8.94,-8.882,-8.955,590000,0.0,-0.82,0.17,0.015,3.34
20040416,-8.932,-8.845,-8.77,-8.935,285800,0.0,-1.85,1.06,0.095,1.62
20040419,-8.82,-8.822,-8.78,-8.882,330800,0.0,-1.15,0.26,0.023,1.88
20040420,-8.812,-8.877,-8.775,-8.885,361400,0.0,-1.25,-0.62,-0.055,2.05
20040421,-8.865,-8.802,-8.8,-8.89,436000,0.0,-1.01,0.84,0.075,2.47
20040422,-8.802,-8.695,-8.695,-8.83,1128800,0.0,-1.53,1.22,0.107,6.4
20040423,-8.685,-8.7,-8.66,-8.715,722200,0.0,-0.63,-0.06,-0.005,4.09
20040426,-8.705,-8.74,-8.67,-8.81,376600,0.0,-1.61,-0.46,-0.04,2.14
20040427,-8.732,-8.66,-8.637,-8.732,307600,0.0,-1.09,0.92,0.08,1.74
20040428,-8.66,-8.785,-8.657,-8.785,286800,0.0,-1.48,-1.44,-0.125,1.63
20040429,-8.765,-8.77,-8.715,-8.792,252200,0.0,-0.88,0.17,0.015,1.43
20040430,-8.76,-8.74,-8.707,-8.775,544000,0.0,-0.78,0.34,0.03,3.08
20040503,-8.717,-8.85,-8.715,-8.89,591800,0.0,-2.0,-1.26,-0.11,3.36
20040504,-8.855,-8.832,-8.79,-8.9,308000,0.0,-1.24,0.2,0.018,1.75
20040505,-8.892,-8.755,-8.695,-8.92,592000,0.0,-2.55,0.87,0.077,3.36
20040506,-8.755,-8.825,-8.75,-8.867,372200,0.0,-1.34,-0.8,-0.07,2.11
20040507,-8.845,-9.075,-8.835,-9.125,915000,0.0,-3.29,-2.83,-0.25,5.19
20040510,-9.115,-9.045,-8.995,-9.115,496800,0.0,-1.32,0.33,0.03,2.82
20040511,-9.055,-9.01,-8.955,-9.057,556800,0.0,-1.13,0.39,0.035,3.16
20040512,-9.042,-9.155,-9.04,-9.2,476200,0.0,-1.78,-1.61,-0.145,2.7
20040513,-9.145,-9.18,-9.145,-9.2,601000,0.0,-0.6,-0.27,-0.025,3.41
20040514,-9.197,-9.19,-9.16,-9.21,812800,0.0,-0.54,-0.11,-0.01,4.61
20040517,-9.227,-9.2,-9.17,-9.26,390200,0.0,-0.98,-0.11,-0.01,2.21
20040518,-9.182,-9.2,-9.16,-9.212,381000,0.0,-0.57,0.0,0.0,2.16
20040519,-9.205,-9.28,-9.172,-9.285,361400,0.0,-1.23,-0.87,-0.08,2.05
20040520,-9.27,-9.4,-9.24,-9.4,831000,0.0,-1.72,-1.29,-0.12,4.71
20040521,-9.407,-9.382,-9.37,-9.41,732600,0.0,-0.43,0.19,0.018,4.15
20040524,-9.397,-9.335,-9.315,-9.4,352400,0.0,-0.91,0.5,0.047,2.0
20040525,-9.34,-9.225,-9.22,-9.34,338600,0.0,-1.29,1.18,0.11,1.92
20040526,-9.245,-9.17,-9.17,-9.245,445000,0.0,-0.81,0.6,0.055,2.52
20040527,-9.19,-9.245,-9.17,-9.275,358400,0.0,-1.15,-0.82,-0.075,2.03
20040528,-9.245,-9.285,-9.245,-9.305,163600,0.0,-0.65,-0.43,-0.04,0.93
20040601,-9.315,-9.24,-9.232,-9.33,411000,0.0,-1.06,0.48,0.045,2.33
20040602,-9.265,-9.295,-9.265,-9.32,275200,0.0,-0.6,-0.6,-0.055,1.56
20040603,-9.325,-9.33,-9.26,-9.332,328200,0.0,-0.77,-0.38,-0.035,1.86
20040604,-9.29,-9.317,-9.265,-9.355,223800,0.0,-0.96,0.14,0.013,1.27
20040607,-9.272,-9.3,-9.272,-9.3,376400,0.0,-0.3,0.18,0.017,2.13
20040608,-9.322,-9.3,-9.27,-9.322,261000,0.0,-0.56,0.0,0.0,1.48
20040609,-9.282,-9.305,-9.267,-9.325,203400,0.0,-0.62,-0.05,-0.005,1.15
20040610,-9.3,-9.275,-9.22,-9.305,153600,0.0,-0.91,0.32,0.03,0.87
20040614,-9.297,-9.375,-9.275,-9.375,198200,0.0,-1.08,-1.08,-0.1,1.12
20040615,-9.365,-9.302,-9.295,-9.365,148000,0.0,-0.75,0.78,0.073,0.84
20040616,-9.347,-9.315,-9.295,-9.36,235000,0.0,-0.7,-0.14,-0.013,1.33
20040617,-9.3,-9.257,-9.15,-9.337,522000,0.0,-2.01,0.62,0.058,2.96
20040618,-9.275,-9.26,-9.192,-9.28,380800,0.0,-0.95,-0.03,-0.003,2.16
20040621,-9.27,-9.275,-9.24,-9.295,124600,0.0,-0.59,-0.16,-0.015,0.71
20040622,-9.275,-9.285,-9.26,-9.295,319000,0.0,-0.38,-0.11,-0.01,1.81
20040623,-9.257,-9.262,-9.235,-9.277,194800,0.0,-0.45,0.25,0.023,1.1
20040624,-9.26,-9.205,-9.195,-9.275,332400,0.0,-0.86,0.62,0.057,1.88
20040625,-9.225,-9.23,-9.017,-9.275,712000,0.0,-2.8,-0.27,-0.025,4.04
20040628,-9.19,-9.32,-9.18,-9.357,490000,0.0,-1.92,-0.98,-0.09,2.78
20040629,-9.325,-9.32,-9.245,-9.36,417400,0.0,-1.23,0.0,0.0,2.37
20040630,-9.307,-9.227,-9.192,-9.307,355800,0.0,-1.23,1.0,0.093,2.02
20040701,-9.227,-9.245,-9.21,-9.265,198000,0.0,-0.6,-0.2,-0.018,1.12
20040702,-9.26,-9.3,-9.245,-9.307,116600,0.0,-0.67,-0.59,-0.055,0.66
20040706,-9.31,-9.31,-9.265,-9.42,376400,0.0,-1.67,-0.11,-0.01,2.13
20040707,-9.29,-9.305,-9.232,-9.31,244800,0.0,-0.84,0.05,0.005,1.39
20040708,-9.302,-9.3,-9.277,-9.32,226400,0.0,-0.46,0.05,0.005,1.28
20040709,-9.317,-9.307,-9.29,-9.317,91600,0.0,-0.29,-0.08,-0.007,0.52
20040712,-9.307,-9.3,-9.29,-9.325,446000,0.0,-0.38,0.08,0.007,2.53
20040713,-9.307,-9.295,-9.277,-9.307,110800,0.0,-0.32,0.05,0.005,0.63
20040714,-9.305,-9.285,-9.252,-9.305,151200,0.0,-0.57,0.11,0.01,0.86
20040715,-9.295,-9.185,-9.115,-9.295,253800,0.0,-1.94,1.08,0.1,1.44
20040716,-9.19,-9.16,-9.14,-9.192,228200,0.0,-0.57,0.27,0.025,1.29
20040719,-9.19,-9.147,-9.115,-9.225,284200,0.0,-1.2,0.14,0.013,1.61
20040720,-9.12,-9.045,-9.032,-9.17,422400,0.0,-1.51,1.12,0.102,2.39
20040721,-9.06,-9.015,-8.957,-9.075,478600,0.0,-1.3,0.33,0.03,2.71
20040722,-9.015,-9.05,-9.015,-9.145,453400,0.0,-1.44,-0.39,-0.035,2.57
20040723,-9.062,-9.115,-9.06,-9.115,317800,0.0,-0.61,-0.72,-0.065,1.8
20040726,-9.115,-9.17,-9.09,-9.175,460600,0.0,-0.93,-0.6,-0.055,2.61
20040727,-9.165,-9.065,-9.062,-9.165,320600,0.0,-1.12,1.15,0.105,1.82
20040728,-9.082,-9.08,-9.05,-9.155,246800,0.0,-1.16,-0.17,-0.015,1.4
20040729,-9.077,-9.115,-9.06,-9.13,127800,0.0,-0.77,-0.39,-0.035,0.72
20040730,-9.13,-9.125,-9.075,-9.147,143200,0.0,-0.79,-0.11,-0.01,0.85
20040802,-9.15,-9.165,-9.11,-9.165,197000,0.0,-0.6,-0.44,-0.04,1.17
20040803,-9.147,-9.255,-9.145,-9.27,560400,0.0,-1.36,-0.98,-0.09,3.34
20040804,-9.327,-9.205,-9.157,-9.357,739200,0.0,-2.16,0.54,0.05,4.4
20040805,-9.235,-9.28,-9.182,-9.29,234800,0.0,-1.17,-0.81,-0.075,1.4
20040806,-9.3,-9.36,-9.275,-9.365,638200,0.0,-0.97,-0.86,-0.08,3.8
20040809,-9.36,-9.37,-9.34,-9.42,201000,0.0,-0.85,-0.11,-0.01,1.2
20040810,-9.382,-9.255,-9.217,-9.387,173600,0.0,-1.81,1.23,0.115,1.03
20040811,-9.285,-9.27,-9.25,-9.36,260200,0.0,-1.19,-0.16,-0.015,1.55
20040812,-9.27,-9.4,-9.265,-9.4,226000,0.0,-1.46,-1.4,-0.13,1.35
20040813,-9.405,-9.375,-9.362,-9.42,149600,0.0,-0.62,0.27,0.025,0.89
20040816,-9.407,-9.41,-9.365,-9.42,254800,0.0,-0.59,-0.37,-0.035,1.52
20040817,-9.4,-9.42,-9.4,-9.45,446400,0.0,-0.53,-0.11,-0.01,2.66
20040818,-9.39,-9.295,-9.255,-9.42,210600,0.0,-1.75,1.33,0.125,1.25
20040819,-9.282,-9.325,-9.282,-9.345,162000,0.0,-0.68,-0.32,-0.03,0.96
20040820,-9.315,-9.24,-9.235,-9.37,293200,0.0,-1.45,0.91,0.085,1.75
20040823,-9.225,-9.217,-9.17,-9.292,319800,0.0,-1.32,0.25,0.023,1.9
20040824,-9.18,-9.252,-9.16,-9.27,251600,0.0,-1.19,-0.38,-0.035,1.5
20040825,-9.27,-9.287,-9.245,-9.332,199000,0.0,-0.94,-0.38,-0.035,1.18
20040826,-9.282,-9.265,-9.247,-9.312,132400,0.0,-0.7,0.24,0.022,0.79
20040827,-9.265,-9.195,-9.177,-9.27,120200,0.0,-1.0,0.76,0.07,0.72
20040830,-9.22,-9.325,-9.19,-9.325,153200,0.0,-1.47,-1.41,-0.13,0.91
20040831,-9.305,-9.33,-9.3,-9.372,71800,0.0,-0.77,-0.05,-0.005,0.43
20040901,-9.365,-9.322,-9.265,-9.377,197600,0.0,-1.2,0.09,0.008,1.18
20040902,-9.322,-9.195,-9.155,-9.322,256600,0.0,-1.79,1.36,0.127,1.53
20040903,-9.195,-9.222,-9.185,-9.28,107000,0.0,-1.03,-0.29,-0.027,0.64
20040907,-9.245,-9.195,-9.195,-9.285,133600,0.0,-0.98,0.29,0.027,0.8
20040908,-9.205,-9.255,-9.17,-9.255,313200,0.0,-0.92,-0.65,-0.06,1.86
20040909,-9.235,-9.22,-9.207,-9.252,111000,0.0,-0.49,0.38,0.035,0.66
20040910,-9.235,-9.22,-9.18,-9.235,236400,0.0,-0.6,0.0,0.0,1.41
20040913,-9.215,-9.185,-9.165,-9.26,163000,0.0,-1.03,0.38,0.035,0.97
20040914,-9.195,-9.19,-9.1,-9.207,103600,0.0,-1.16,-0.05,-0.005,0.62
20040915,-9.205,-9.155,-9.132,-9.22,102600,0.0,-0.96,0.38,0.035,0.61
20040916,-9.15,-9.127,-9.125,-9.177,77200,0.0,-0.57,0.31,0.028,0.46
20040917,-9.135,-9.19,-9.07,-9.19,213800,0.0,-1.31,-0.69,-0.063,1.27
20040920,-9.195,-9.135,-9.102,-9.2,127600,0.0,-1.07,0.6,0.055,0.76
20040921,-9.165,-9.11,-9.08,-9.17,145400,0.0,-0.99,0.27,0.025,0.87
20040922,-9.127,-9.225,-9.127,-9.225,173000,0.0,-1.08,-1.26,-0.115,1.03
20040923,-9.205,-9.232,-9.19,-9.232,55800,0.0,-0.46,-0.08,-0.007,0.33
20040924,-9.245,-9.165,-9.125,-9.245,125200,0.0,-1.3,0.73,0.067,0.75
20040927,-9.167,-9.135,-9.12,-9.175,145400,0.0,-0.6,0.33,0.03,0.87
20040928,-9.14,-9.14,-9.127,-9.172,107800,0.0,-0.49,-0.05,-0.005,0.64
20040929,-9.142,-9.09,-9.09,-9.205,204400,0.0,-1.26,0.55,0.05,1.22
20040930,-9.1,-9.085,-9.057,-9.15,158000,0.0,-1.02,0.06,0.005,0.94
20041001,-9.1,-9.17,-9.097,-9.205,220600,0.0,-1.19,-0.94,-0.085,1.31
20041004,-9.18,-9.262,-9.15,-9.265,304000,0.0,-1.25,-1.0,-0.092,1.81
20041005,-9.26,-9.16,-9.065,-9.26,172200,0.0,-2.11,1.1,0.102,1.02
20041006,-9.17,-8.955,-8.952,-9.17,292800,0.0,-2.38,2.24,0.205,1.74
20041007,-8.955,-9.02,-8.955,-9.027,125000,0.0,-0.8,-0.73,-0.065,0.74
20041008,-9.035,-9.065,-8.967,-9.065,356000,0.0,-1.09,-0.5,-0.045,2.12
20041011,-9.04,-9.03,-9.02,-9.072,96000,0.0,-0.57,0.39,0.035,0.57
20041012,-9.05,-9.04,-9.017,-9.08,109800,0.0,-0.7,-0.11,-0.01,0.65
20041013,-9.042,-9.04,-8.982,-9.045,112600,0.0,-0.7,0.0,0.0,0.67
20041014,-9.045,-9.065,-9.0,-9.085,68400,0.0,-0.94,-0.28,-0.025,0.41
20041015,-9.065,-8.992,-8.975,-9.075,85400,0.0,-1.1,0.81,0.073,0.51
20041018,-9.012,-8.95,-8.945,-9.047,90600,0.0,-1.13,0.47,0.042,0.54
20041019,-8.97,-8.9,-8.892,-8.972,189800,0.0,-0.89,0.56,0.05,1.13
20041020,-8.92,-8.955,-8.915,-8.982,114200,0.0,-0.75,-0.62,-0.055,0.68
20041021,-8.955,-8.925,-8.92,-8.977,153800,0.0,-0.64,0.34,0.03,0.92
20041022,-8.935,-8.942,-8.905,-8.995,208000,0.0,-1.01,-0.19,-0.017,1.24
20041025,-8.98,-9.01,-8.92,-9.025,142000,0.0,-1.17,-0.76,-0.068,0.85
20041026,-8.987,-8.97,-8.945,-9.027,70400,0.0,-0.91,0.44,0.04,0.42
20041027,-8.945,-8.907,-8.89,-8.975,131800,0.0,-0.95,0.7,0.063,0.78
20041028,-8.92,-8.92,-8.92,-8.957,85200,0.0,-0.42,-0.15,-0.013,0.51
20041029,-8.96,-8.885,-8.885,-8.985,163200,0.0,-1.12,0.39,0.035,0.97
20041101,-8.885,-8.907,-8.88,-8.935,102800,0.0,-0.62,-0.25,-0.022,0.61
20041102,-8.907,-8.985,-8.865,-8.985,456200,0.0,-1.35,-0.88,-0.078,2.72
20041103,-8.905,-8.607,-8.57,-8.905,1564200,0.0,-3.73,4.21,0.378,9.34
20041104,-8.625,-8.555,-8.525,-8.67,718600,0.0,-1.68,0.6,0.052,4.29
20041105,-8.552,-8.595,-8.52,-8.605,297400,0.0,-0.99,-0.47,-0.04,1.78
20041108,-8.607,-8.63,-8.567,-8.7,205200,0.0,-1.55,-0.41,-0.035,1.23
20041109,-8.657,-8.62,-8.61,-8.685,289400,0.0,-0.87,0.12,0.01,1.73
20041110,-8.657,-8.595,-8.545,-8.657,361200,0.0,-1.3,0.29,0.025,2.16
20041111,-8.62,-8.52,-8.505,-8.64,186200,0.0,-1.57,0.87,0.075,1.11
20041112,-8.515,-8.482,-8.465,-8.545,378000,0.0,-0.94,0.45,0.038,2.26
20041115,-8.49,-8.51,-8.465,-8.555,279400,0.0,-1.06,-0.33,-0.028,1.67
20041116,-8.55,-8.595,-8.505,-8.6,157400,0.0,-1.12,-1.0,-0.085,0.94
20041117,-8.582,-8.53,-8.49,-8.607,288800,0.0,-1.36,0.76,0.065,1.72
20041118,-8.49,-8.6,-8.49,-8.637,145800,0.0,-1.72,-0.82,-0.07,0.87
20041119,-8.62,-8.665,-8.585,-8.697,105600,0.0,-1.3,-0.76,-0.065,0.63
20041122,-8.665,-8.62,-8.61,-8.75,336600,0.0,-1.62,0.52,0.045,2.01
20041123,-8.657,-8.552,-8.545,-8.657,283600,0.0,-1.3,0.79,0.068,1.69
20041124,-8.55,-8.552,-8.475,-8.575,323000,0.0,-1.17,0.0,0.0,1.93
20041126,-8.555,-8.517,-8.487,-8.555,80600,0.0,-0.8,0.41,0.035,0.48
20041129,-8.48,-8.51,-8.48,-8.57,170600,0.0,-1.06,0.08,0.007,1.02
20041130,-8.545,-8.475,-8.45,-8.575,259000,0.0,-1.47,0.41,0.035,1.55
20041201,-8.495,-8.492,-8.42,-8.507,437000,0.0,-1.03,-0.2,-0.017,2.61
20041202,-8.495,-8.545,-8.485,-8.557,366800,0.0,-0.85,-0.62,-0.053,2.19
20041203,-8.57,-8.59,-8.545,-8.595,217200,0.0,-0.59,-0.53,-0.045,1.3
20041206,-8.6,-8.625,-8.555,-8.645,252000,0.0,-1.05,-0.41,-0.035,1.51
20041207,-8.627,-8.71,-8.59,-8.71,265600,0.0,-1.39,-0.99,-0.085,1.59
20041208,-8.71,-8.715,-8.672,-8.747,578800,0.0,-0.86,-0.06,-0.005,3.46
20041209,-8.73,-8.755,-8.727,-8.792,349800,0.0,-0.75,-0.46,-0.04,2.09
20041210,-8.795,-8.81,-8.755,-8.85,294800,0.0,-1.09,-0.63,-0.055,1.76
20041213,-8.79,-8.775,-8.722,-8.825,398200,0.0,-1.17,0.4,0.035,2.38
20041214,-8.777,-8.69,-8.67,-8.777,488200,0.0,-1.22,0.97,0.085,2.92
20041215,-8.69,-8.745,-8.69,-8.765,278400,0.0,-0.86,-0.63,-0.055,1.66
20041216,-8.8,-8.74,-8.732,-8.815,345800,0.0,-0.95,0.06,0.005,2.07
20041217,-8.732,-8.74,-8.72,-8.81,505400,0.0,-1.03,0.0,0.0,3.02
20041220,-8.715,-8.725,-8.685,-8.752,260400,0.0,-0.77,0.17,0.015,1.56
20041221,-8.707,-8.695,-8.685,-8.72,137600,0.0,-0.4,0.34,0.03,0.82
20041222,-8.712,-8.662,-8.64,-8.72,168400,0.0,-0.92,0.38,0.033,1.01
20041223,-8.702,-8.675,-8.662,-8.715,102600,0.0,-0.61,-0.15,-0.013,0.61
20041227,-8.642,-8.675,-8.642,-8.737,181400,0.0,-1.1,0.0,0.0,1.08
20041228,-8.697,-8.575,-8.575,-8.697,294800,0.0,-1.41,1.15,0.1,1.76
20041229,-8.607,-8.565,-8.53,-8.607,327000,0.0,-0.9,0.12,0.01,1.95
20041230,-8.565,-8.58,-8.545,-8.582,112000,0.0,-0.43,-0.18,-0.015,0.67
20041231,-8.582,-8.615,-8.562,-8.615,131200,0.0,-0.62,-0.41,-0.035,0.78
20090916,-1.075,-0.94,-0.925,-1.27,136245,0.0,-4.0,89.09,7.675,0.49
20090917,-1.075,-0.94,-0.925,-1.27,136245,0.0,-36.7,0.0,0.0,0.49
20090918,-1.075,-0.94,-0.925,-1.27,136245,0.0,-36.7,0.0,0.0,0.49
20090921,-0.635,-0.625,-0.475,-0.7,179435,0.0,-23.94,33.51,0.315,0.64
20090922,-0.525,-0.515,-0.48,-0.745,128625,0.0,-42.4,17.6,0.11,0.46
20090923,-0.47,-0.565,-0.42,-0.575,181115,0.0,-30.1,-9.71,-0.05,0.65
20090924,-0.5,-0.74,-0.465,-0.795,144991,0.0,-58.41,-30.97,-0.175,0.52
20090925,-0.755,-0.79,-0.695,-1.045,22386,0.0,-47.3,-6.76,-0.05,0.08
20090928,-0.755,-0.79,-0.695,-1.045,22386,0.0,-44.3,0.0,0.0,0.08
20090929,-0.755,-0.84,-0.72,-0.95,213214,0.0,-29.11,-6.33,-0.05,0.76
20090930,-0.75,-0.635,-0.445,-0.92,236257,0.0,-56.55,24.4,0.205,0.84
20091001,-0.655,-1.03,-0.545,-1.105,82909,0.0,-88.19,-62.2,-0.395,0.3
20091002,-1.095,-1.3,-0.97,-1.325,136567,0.0,-34.47,-26.21,-0.27,0.49
20091005,-1.23,-1.26,-1.105,-1.34,135530,0.0,-18.08,3.08,0.04,0.48
20091006,-1.17,-1.065,-1.06,-1.31,87014,0.0,-19.84,15.48,0.195,0.31
20091007,-1.165,-1.04,-1.03,-1.22,108073,0.0,-17.84,2.35,0.025,0.39
20091008,-0.93,-0.865,-0.815,-1.085,189923,0.0,-25.96,16.83,0.175,0.68
20091009,-0.835,-0.735,-0.67,-0.99,148205,0.0,-36.99,15.03,0.13,0.53
20091012,-0.735,-0.57,-0.52,-0.775,165247,0.0,-34.69,22.45,0.165,0.59
20091013,-0.55,-0.84,-0.55,-0.885,167732,0.0,-58.77,-47.37,-0.27,0.6
20091014,-0.72,-0.925,-0.67,-0.955,147060,0.0,-33.93,-10.12,-0.085,0.52
20091015,-1.02,-0.92,-0.88,-1.045,151290,0.0,-17.84,0.54,0.005,0.54
20091016,-0.97,-0.985,-0.83,-1.145,76548,0.0,-34.24,-7.07,-0.065,0.27
20091019,-0.915,-0.985,-0.875,-1.095,60208,0.0,-22.34,0.0,0.0,0.21
20091020,-0.99,-1.29,-0.99,-1.345,90649,0.0,-36.04,-30.96,-0.305,0.32
20091021,-1.285,-1.55,-1.045,-1.6,129164,0.0,-43.02,-20.16,-0.26,0.46
20091022,-1.5,-1.03,-0.94,-1.585,156971,0.0,-41.61,33.55,0.52,0.56
20091023,-1.03,-1.15,-1.03,-1.255,122010,0.0,-21.84,-11.65,-0.12,0.43
20091026,-1.175,-0.9,-0.825,-1.225,235962,0.0,-34.78,21.74,0.25,0.84
20091027,-1.0,-1.1,-0.775,-1.195,169404,0.0,-46.67,-22.22,-0.2,0.6
20091028,-1.15,-1.41,-0.975,-1.45,135487,0.0,-43.18,-28.18,-0.31,0.48
20091029,-1.26,-1.3,-1.245,-1.51,140829,0.0,-18.79,7.8,0.11,0.5
20091030,-1.405,-1.67,-1.31,-1.675,184673,0.0,-28.08,-28.46,-0.37,0.65
20091102,-1.57,-1.545,-1.41,-1.83,136355,0.0,-25.15,7.49,0.125,0.48
20091103,-1.56,-1.265,-1.065,-1.56,137412,0.0,-32.04,18.12,0.28,0.49
20091104,-1.195,-1.305,-0.995,-1.565,372577,0.0,-45.06,-3.16,-0.04,1.32
20091105,-1.4,-1.35,-1.18,-1.63,440241,0.0,-34.48,-3.45,-0.045,1.56
20091106,-1.305,-1.405,-1.185,-1.465,125967,0.0,-20.74,-4.07,-0.055,0.45
20091109,-1.24,-1.405,-1.24,-1.63,339657,0.0,-27.76,0.0,0.0,1.2
20091110,-1.46,-1.715,-1.435,-1.84,291615,0.0,-28.83,-22.06,-0.31,1.03
20091111,-1.585,-1.905,-1.585,-1.905,324437,0.0,-18.66,-11.08,-0.19,1.15
20091112,-1.94,-1.885,-1.82,-2.025,268967,0.0,-10.76,1.05,0.02,0.95
20091113,-1.92,-1.755,-1.7,-1.97,638109,0.0,-14.32,6.9,0.13,2.26
20091116,-1.705,-1.67,-1.49,-1.715,326134,0.0,-12.82,4.84,0.085,1.15
20091117,-1.685,-1.52,-1.46,-1.685,138498,0.0,-13.47,8.98,0.15,0.49
20091118,-1.515,-1.68,-1.49,-1.735,216123,0.0,-16.12,-10.53,-0.16,0.77
20091119,-1.75,-1.945,-1.75,-2.02,225645,0.0,-16.07,-15.77,-0.265,0.8
20091120,-2.0,-1.935,-1.805,-2.0,212211,0.0,-10.03,0.51,0.01,0.75
20091123,-1.775,-1.655,-1.5,-1.81,147116,0.0,-16.02,14.47,0.28,0.52
20091124,-1.595,-1.535,-1.47,-1.8,166120,0.0,-19.94,7.25,0.12,0.59
20091125,-1.5,-1.48,-1.405,-1.63,105440,0.0,-14.66,3.58,0.055,0.37
20091127,-1.785,-1.665,-1.435,-1.785,67093,0.0,-23.65,-12.5,-0.185,0.24
20091130,-1.655,-1.895,-1.655,-2.085,112713,0.0,-25.83,-13.81,-0.23,0.4
20091201,-1.805,-1.82,-1.645,-1.865,147885,0.0,-11.61,3.96,0.075,0.52
20091202,-1.89,-1.695,-1.69,-1.975,158287,0.0,-15.66,6.87,0.125,0.56
20091203,-1.645,-1.835,-1.5,-1.84,158539,0.0,-20.06,-8.26,-0.14,0.56
20091204,-1.755,-1.78,-1.59,-1.96,207256,0.0,-20.16,3.0,0.055,0.73
20091207,-1.8,-1.77,-1.66,-1.86,89379,0.0,-11.24,0.56,0.01,0.32
20091208,-1.85,-1.78,-1.725,-2.095,185469,0.0,-20.9,-0.56,-0.01,0.66
20091209,-1.835,-2.035,-1.77,-2.085,239519,0.0,-17.7,-14.33,-0.255,0.85
20091210,-1.975,-2.15,-1.975,-2.2,105976,0.0,-11.06,-5.65,-0.115,0.38
20091211,-2.175,-2.07,-1.975,-2.19,79285,0.0,-10.0,3.72,0.08,0.28
20091214,-2.025,-2.095,-2.01,-2.115,144308,0.0,-5.07,-1.21,-0.025,0.51
20091215,-1.595,-1.005,-0.93,-1.76,583494,0.0,-39.62,52.03,1.09,2.07
20091216,-0.92,-1.245,-0.685,-1.275,218706,0.0,-58.71,-23.88,-0.24,0.77
20091217,-1.16,-1.005,-0.81,-1.275,202916,0.0,-37.35,19.28,0.24,0.72
20091218,-0.945,-0.83,-0.83,-1.235,240966,0.0,-40.3,17.41,0.175,0.85
20091221,-0.675,-0.79,-0.505,-0.815,165566,0.0,-37.35,4.82,0.04,0.59
20091222,-0.775,-0.69,-0.55,-0.79,100743,0.0,-30.38,12.66,0.1,0.36
20091223,-0.6,-0.605,-0.485,-0.72,54296,0.0,-34.06,12.32,0.085,0.19
20091224,-0.61,-0.7,-0.57,-0.765,27151,0.0,-32.23,-15.7,-0.095,0.1
20091228,-0.7,-0.815,-0.675,-1.005,52753,0.0,-47.14,-16.43,-0.115,0.2
20091229,-0.81,-0.82,-0.795,-0.91,34669,0.0,-14.11,-0.61,-0.005,0.13
20091230,-0.87,-0.92,-0.745,-0.97,50853,0.0,-27.44,-12.2,-0.1,0.19
20091231,-0.905,-1.14,-0.835,-1.145,69803,0.0,-33.7,-23.91,-0.22,0.26
20100104,-1.075,-1.175,-1.045,-1.325,185297,0.0,-24.56,-3.07,-0.035,0.69
20100105,-1.125,-1.03,-1.005,-1.26,138325,0.0,-21.7,12.34,0.145,0.51
20100106,-1.005,-1.02,-0.965,-1.045,97175,0.0,-7.77,0.97,0.01,0.36
20100107,-1.02,-0.98,-0.95,-1.12,288441,0.0,-16.67,3.92,0.04,1.07
20100108,-1.03,-1.0,-0.935,-1.045,44273,0.0,-11.22,-2.04,-0.02,0.16
20100111,-0.955,-1.015,-0.92,-1.05,75532,0.0,-13.0,-1.5,-0.015,0.28
20100112,-1.035,-0.78,-0.75,-1.035,151125,0.0,-28.08,23.15,0.235,0.56
20100113,-0.725,-0.53,-0.53,-0.835,91966,0.0,-39.1,32.05,0.25,0.34
20100114,-0.54,-0.33,-0.215,-0.645,153704,0.0,-81.13,37.74,0.2,0.57
20100115,-0.27,-0.59,-0.27,-0.7,106579,0.0,-130.3,-78.79,-0.26,0.4
20100119,-0.58,-0.29,-0.255,-0.765,71362,0.0,-86.44,50.85,0.3,0.26
20100120,-0.36,-0.495,-0.22,-0.62,78980,0.0,-137.93,-70.69,-0.205,0.29
20100121,-0.49,-0.775,-0.345,-0.81,128073,0.0,-93.94,-56.57,-0.28,0.48
20100122,-0.915,-1.11,-0.83,-1.11,96639,0.0,-36.13,-43.23,-0.335,0.36
20100125,-1.04,-1.365,-1.04,-1.42,166661,0.0,-34.23,-22.97,-0.255,0.62
20100126,-1.42,-1.425,-1.355,-1.45,149737,0.0,-6.96,-4.4,-0.06,0.56
20100127,-1.465,-1.23,-1.2,-1.465,55854,0.0,-18.6,13.68,0.195,0.21
20100128,-1.185,-1.25,-1.14,-1.42,44820,0.0,-22.76,-1.63,-0.02,0.17
20100129,-1.2,-1.12,-1.015,-1.2,107892,0.0,-14.8,10.4,0.13,0.4
20100201,-1.115,-1.015,-0.99,-1.23,54007,0.0,-21.43,9.38,0.105,0.2
20100204,-1.51,-1.745,-1.39,-1.75,147771,0.0,-35.47,-71.92,-0.73,0.55
20100205,-1.74,-1.695,-1.685,-1.905,133383,0.0,-12.61,2.87,0.05,0.5
20100208,-1.67,-1.74,-1.58,-1.835,91193,0.0,-15.04,-2.65,-0.045,0.34
20100209,-1.635,-1.63,-1.52,-1.855,154100,0.0,-19.25,6.32,0.11,0.57
20100210,-1.63,-2.035,-1.63,-2.08,440237,0.0,-27.61,-24.85,-0.405,1.63
20100211,-2.035,-1.935,-1.92,-2.165,174190,0.0,-12.04,4.91,0.1,0.65
20100212,-2.025,-1.955,-1.9,-2.085,158595,0.0,-9.56,-1.03,-0.02,0.59
20100216,-1.795,-1.59,-1.55,-1.92,230609,0.0,-18.93,18.67,0.365,0.85
20100217,-1.615,-1.645,-1.525,-1.75,89701,0.0,-14.15,-3.46,-0.055,0.33
20100218,-1.61,-1.42,-1.415,-1.7,150903,0.0,-17.33,13.68,0.225,0.56
20100219,-1.41,-1.41,-1.32,-1.465,86440,0.0,-10.21,0.7,0.01,0.32
20100222,-1.345,-1.335,-1.325,-1.47,106673,0.0,-10.28,5.32,0.075,0.39
20100223,-1.34,-1.32,-1.245,-1.44,305452,0.0,-14.61,1.12,0.015,1.12
20100224,-1.215,-0.48,-0.295,-1.375,747222,0.0,-81.82,63.64,0.84,2.75
20100225,-0.57,-0.625,-0.42,-0.665,339720,0.0,-51.04,-30.21,-0.145,1.25
20100226,-0.6,-0.715,-0.48,-0.715,233578,0.0,-37.6,-14.4,-0.09,0.86
20100301,-0.71,-0.665,-0.61,-0.855,280756,0.0,-34.27,6.99,0.05,1.03
20100302,-0.59,-0.825,-0.54,-0.88,433159,0.0,-51.13,-24.06,-0.16,1.59
20100303,-0.735,-0.895,-0.71,-0.945,364751,0.0,-28.48,-8.48,-0.07,1.34
20100304,-0.91,-0.905,-0.855,-1.065,319150,0.0,-23.46,-1.12,-0.01,1.17
20100305,-0.83,-0.645,-0.6,-1.01,182798,0.0,-45.3,28.73,0.26,0.67
20100308,-0.67,-0.485,-0.475,-0.82,147329,0.0,-53.49,24.81,0.16,0.54
20100309,-0.555,-0.295,-0.135,-0.57,221645,0.0,-89.69,39.18,0.19,0.82
20100310,-0.33,-0.435,-0.24,-0.455,150597,0.0,-72.88,-47.46,-0.14,0.55
20100311,-0.525,-0.275,-0.27,-0.585,184092,0.0,-72.41,36.78,0.16,0.68
20100312,-0.3,-0.125,-0.125,-0.3,193195,0.0,-63.64,54.55,0.15,0.71
20100315,-0.18,-0.185,-0.075,-0.345,274656,0.0,-216.0,-48.0,-0.06,1.01
20100316,-0.14,-0.165,-0.125,-0.275,92376,0.0,-81.08,10.81,0.02,0.34
20100317,-0.185,-0.12,-0.025,-0.185,75445,0.0,-96.97,27.27,0.045,0.28
20100318,-0.14,-0.17,-0.07,-0.24,92928,0.0,-141.67,-41.67,-0.05,0.34
20100319,-0.105,-0.21,-0.085,-0.215,235497,0.0,-76.47,-23.53,-0.04,0.87
20100322,-0.32,-0.1,-0.08,-0.34,117960,0.0,-123.81,52.38,0.11,0.43
20100323,-0.135,-0.01,0.045,-0.195,115593,0.0,-240.0,90.0,0.09,0.43
20100324,-0.03,-0.18,0.005,-0.225,76626,0.0,-2300.0,-1700.0,-0.17,0.28
20100325,-0.14,-0.285,-0.03,-0.295,76059,0.0,-147.22,-58.33,-0.105,0.28
20100326,-0.28,-0.41,-0.23,-0.445,111274,0.0,-75.44,-43.86,-0.125,0.41
20100329,-0.39,-0.15,-0.14,-0.43,130984,0.0,-70.73,63.41,0.26,0.48
20100330,-0.17,-0.045,-0.015,-0.17,177363,0.0,-103.33,70.0,0.105,0.65
20100331,-0.12,-0.065,0.04,-0.12,147364,0.0,-355.56,-44.44,-0.02,0.54
20100401,-0.03,-0.015,0.045,-0.15,78637,0.0,-300.0,76.92,0.05,0.29
20100405,0.01,0.165,0.185,0.01,101441,0.0,-1166.67,1200.0,0.18,0.37
20100406,0.28,1.13,1.165,0.275,728389,0.0,539.39,584.85,0.965,2.68
20100407,1.15,0.865,1.18,0.82,206520,0.0,31.86,-23.45,-0.265,0.76
20100408,0.87,0.94,0.975,0.78,158854,0.0,22.54,8.67,0.075,0.58
20100409,0.935,0.995,1.135,0.845,111209,0.0,30.85,5.85,0.055,0.41
20100412,1.05,1.02,1.13,0.98,75716,0.0,15.08,2.51,0.025,0.28
20100413,0.985,0.985,1.13,0.89,104738,0.0,23.53,-3.43,-0.035,0.39
20100414,1.05,1.19,1.205,0.855,165140,0.0,35.53,20.81,0.205,0.61
20100419,0.72,1.065,1.135,0.7,174434,0.0,36.55,-10.5,-0.125,0.64
20100420,1.15,1.28,1.285,1.01,113592,0.0,25.82,20.19,0.215,0.42
20100421,1.29,1.395,1.395,1.19,80094,0.0,16.02,8.98,0.115,0.29
20100422,1.0,1.33,1.435,0.98,201349,0.0,32.62,-4.66,-0.065,0.74
20100423,1.295,1.235,1.325,1.14,66333,0.0,13.91,-7.14,-0.095,0.24
20100426,1.18,1.1,1.29,1.08,183686,0.0,17.0,-10.93,-0.135,0.68
20100427,1.015,0.985,1.395,0.94,98827,0.0,41.36,-10.45,-0.115,0.36
20100428,0.95,0.71,0.95,0.695,262890,0.0,25.89,-27.92,-0.275,0.97
20100429,0.83,1.2,1.2,0.775,144690,0.0,59.86,69.01,0.49,0.53
20100430,1.125,0.78,1.17,0.78,201065,0.0,32.5,-35.0,-0.42,0.74
20100503,0.8,1.46,1.5,0.78,229439,0.0,92.31,87.18,0.68,0.84
20100504,1.275,1.21,1.275,1.01,406276,0.0,18.15,-17.12,-0.25,1.5
20100505,0.75,-0.375,0.75,-0.44,687320,0.0,98.35,-130.99,-1.585,2.53
20100506,-0.36,-0.515,-0.11,-0.785,340030,0.0,-180.0,-37.33,-0.14,1.25
20100507,-0.515,-0.645,-0.275,-0.81,280993,0.0,-103.88,-25.24,-0.13,1.03
20100510,-0.11,0.07,0.18,-0.175,326146,0.0,-55.04,110.85,0.715,1.2
20100511,-0.055,0.21,0.23,-0.055,195108,0.0,407.14,200.0,0.14,0.72
20100512,0.27,0.115,0.37,0.025,199259,0.0,164.29,-45.24,-0.095,0.73
20100513,0.05,-0.125,0.13,-0.16,222627,0.0,252.17,-208.7,-0.24,0.82
20100514,-0.235,-0.185,-0.1,-0.32,143976,0.0,-176.0,-48.0,-0.06,0.53
20100517,-0.135,0.14,0.145,-0.24,192163,0.0,-208.11,175.68,0.325,0.71
20100518,0.245,0.135,0.375,0.105,172407,0.0,192.86,-3.57,-0.005,0.63
20100519,0.07,0.08,0.275,-0.04,114294,0.0,233.33,-40.74,-0.055,0.42
20100520,-0.175,-0.445,-0.075,-0.8,201676,0.0,906.25,-656.25,-0.525,0.74
20100521,-0.615,-0.315,-0.27,-0.865,190359,0.0,-133.71,29.21,0.13,0.7
20100524,-0.295,-0.33,-0.09,-0.34,108489,0.0,-79.37,-4.76,-0.015,0.4
20100525,-0.635,-0.445,-0.305,-0.805,142834,0.0,-151.52,-34.85,-0.115,0.53
20100526,-0.415,-0.525,-0.165,-0.58,146284,0.0,-93.26,-17.98,-0.08,0.54
20100527,-0.34,-0.35,-0.265,-0.515,178106,0.0,-47.62,33.33,0.175,0.66
20100528,-0.38,-0.505,-0.25,-0.535,147551,0.0,-81.43,-44.29,-0.155,0.54
20100601,-0.505,-0.62,-0.44,-0.69,253265,0.0,-49.5,-22.77,-0.115,0.93
20100602,-0.625,-0.43,-0.42,-0.725,347839,0.0,-49.19,30.65,0.19,1.28
20100603,-0.32,-0.35,-0.285,-0.53,247790,0.0,-56.98,18.6,0.08,0.91
20100604,-0.615,-0.7,-0.47,-0.725,174293,0.0,-72.86,-100.0,-0.35,0.64
20100607,-0.67,-1.13,-0.64,-1.145,192657,0.0,-72.14,-61.43,-0.43,0.71
20100608,-1.13,-1.115,-1.025,-1.385,216787,0.0,-31.86,1.33,0.015,0.8
20100609,-1.03,-1.205,-1.03,-1.275,261687,0.0,-21.97,-8.07,-0.09,0.96
20100610,-1.035,-0.92,-0.91,-1.22,216880,0.0,-25.73,23.65,0.285,0.8
20100611,-1.02,-0.63,-0.61,-1.05,134726,0.0,-47.83,31.52,0.29,0.5
20100614,-0.585,-0.615,-0.455,-0.655,83502,0.0,-31.75,2.38,0.015,0.31
20100615,-0.565,-0.545,-0.47,-0.655,108465,0.0,-30.08,11.38,0.07,0.4
20100616,-0.63,-0.57,-0.41,-0.755,93503,0.0,-63.3,-4.59,-0.025,0.34
20100617,-0.52,-0.54,-0.48,-0.68,128572,0.0,-35.09,5.26,0.03,0.47
20100618,-0.545,-0.52,-0.475,-0.915,228011,0.0,-81.48,3.7,0.02,0.84
20100621,-0.375,-0.445,-0.375,-0.585,180585,0.0,-40.38,14.42,0.075,0.66
20100622,-0.375,-0.695,-0.125,-0.725,123567,0.0,-134.83,-56.18,-0.25,0.45
20100623,-0.68,-0.635,-0.54,-0.85,79340,0.0,-44.6,8.63,0.06,0.29
20100624,-0.72,-0.86,-0.67,-0.88,72707,0.0,-33.07,-35.43,-0.225,0.27
20100625,-0.795,-0.72,-0.6,-0.925,323888,0.0,-37.79,16.28,0.14,1.19
20100628,-0.715,-0.95,-0.625,-0.975,97002,0.0,-48.61,-31.94,-0.23,0.36
20100629,-1.125,-1.33,-1.055,-1.39,190800,0.0,-35.26,-40.0,-0.38,0.7
20100630,-1.365,-1.36,-1.15,-1.405,128642,0.0,-19.17,-2.26,-0.03,0.47
20100701,-1.375,-1.39,-1.28,-1.595,121884,0.0,-23.16,-2.21,-0.03,0.45
20100702,-1.305,-1.295,-1.23,-1.52,107964,0.0,-20.86,6.83,0.095,0.4
20100706,-1.185,-1.53,-1.05,-1.58,200382,0.0,-40.93,-18.15,-0.235,0.74
20100707,-1.47,-1.23,-1.21,-1.665,125851,0.0,-29.74,19.61,0.3,0.46
20100708,-1.145,-0.8,-0.735,-1.145,287221,0.0,-33.33,34.96,0.43,1.06
20100709,-0.745,-0.49,-0.475,-0.765,198242,0.0,-36.25,38.75,0.31,0.73
20100712,-0.495,-0.6,-0.345,-0.675,109953,0.0,-67.35,-22.45,-0.11,0.4
20100713,-0.42,-0.165,-0.075,-0.42,181918,0.0,-57.5,72.5,0.435,0.67
20100714,-0.24,-0.25,-0.13,-0.37,119900,0.0,-145.45,-51.52,-0.085,0.44
20100715,-0.275,-0.265,-0.225,-0.47,71275,0.0,-98.0,-6.0,-0.015,0.26
20100716,-0.355,-0.645,-0.245,-0.66,94826,0.0,-156.6,-143.4,-0.38,0.35
20100719,-0.645,-0.77,-0.56,-0.9,175339,0.0,-52.71,-19.38,-0.125,0.65
20100720,-0.905,-0.51,-0.495,-0.905,127145,0.0,-53.25,33.77,0.26,0.47
20100721,-0.405,-0.7,-0.405,-0.715,113176,0.0,-60.78,-37.25,-0.19,0.42
20100722,-0.54,-0.17,-0.155,-0.54,170119,0.0,-55.0,75.71,0.53,0.63
20100723,-0.25,0.045,0.165,-0.305,155578,0.0,-276.47,126.47,0.215,0.57
20100726,0.11,0.11,0.13,-0.045,114263,0.0,388.89,144.44,0.065,0.42
20100727,0.145,0.13,0.265,0.065,111855,0.0,181.82,18.18,0.02,0.41
20100728,0.105,-0.045,0.17,-0.13,105959,0.0,230.77,-134.62,-0.175,0.4
20100729,0.075,-0.16,0.16,-0.37,100597,0.0,-1177.78,-255.56,-0.115,0.38
20100730,-0.4,-0.255,-0.1,-0.47,138730,0.0,-231.25,-59.38,-0.095,0.53
20100802,-0.14,-0.17,-0.125,-0.435,196626,0.0,-121.57,33.33,0.085,0.75
20100803,-0.245,-0.42,-0.19,-0.46,176129,0.0,-158.82,-147.06,-0.25,0.67
20100804,-0.41,-0.87,-0.375,-0.945,450682,0.0,-135.71,-107.14,-0.45,1.71
20100805,-0.93,-0.915,-0.825,-0.995,207951,0.0,-19.54,-5.17,-0.045,0.79
20100806,-0.99,-0.89,-0.85,-1.015,191293,0.0,-18.03,2.73,0.025,0.73
20100809,-0.775,-0.715,-0.65,-0.78,110908,0.0,-14.61,19.66,0.175,0.42
20100810,-0.78,-0.855,-0.725,-0.91,123999,0.0,-25.87,-19.58,-0.14,0.47
20100811,-0.94,-0.945,-0.905,-1.0,263648,0.0,-11.11,-10.53,-0.09,1.0
20100812,-1.025,-0.95,-0.92,-1.075,242180,0.0,-16.4,-0.53,-0.005,0.92
20100813,-1.005,-1.075,-0.96,-1.095,115945,0.0,-14.21,-13.16,-0.125,0.44
20100816,-1.09,-1.02,-0.95,-1.14,137470,0.0,-17.67,5.12,0.055,0.52
20100817,-0.9,-0.92,-0.775,-0.965,131296,0.0,-18.63,9.8,0.1,0.5
20100818,-0.895,-0.93,-0.8,-1.045,135096,0.0,-26.63,-1.09,-0.01,0.51
20100819,-0.98,-1.045,-0.895,-1.115,139251,0.0,-23.66,-12.37,-0.115,0.53
20100820,-1.1,-0.935,-0.9,-1.16,178067,0.0,-24.88,10.53,0.11,0.68
20100823,-0.88,-1.095,-0.855,-1.105,64235,0.0,-26.74,-17.11,-0.16,0.24
20100824,-1.17,-1.095,-0.965,-1.32,105524,0.0,-32.42,0.0,0.0,0.4
20100825,-1.16,-0.955,-0.905,-1.16,94367,0.0,-23.29,12.79,0.14,0.36
20100826,-0.93,-0.93,-0.83,-0.96,100180,0.0,-13.61,2.62,0.025,0.38
20100827,-0.81,-0.87,-0.77,-0.99,209537,0.0,-23.66,6.45,0.06,0.8
20100830,-0.96,-0.985,-0.775,-1.015,111511,0.0,-27.59,-13.22,-0.115,0.42
20100831,-1.02,-1.015,-0.96,-1.17,122074,0.0,-21.32,-3.05,-0.03,0.46
20100901,-0.865,-0.68,-0.67,-0.905,171131,0.0,-23.15,33.0,0.335,0.65
20100902,-0.69,-0.34,-0.31,-0.72,137095,0.0,-60.29,50.0,0.34,0.52
20100903,-0.195,-0.185,-0.125,-0.31,101455,0.0,-54.41,45.59,0.155,0.39
20100907,-0.185,-0.255,-0.1,-0.305,90055,0.0,-110.81,-37.84,-0.07,0.34
20100908,-0.215,-0.225,-0.07,-0.27,84794,0.0,-78.43,11.76,0.03,0.32
20100909,-0.115,-0.37,-0.115,-0.43,95811,0.0,-140.0,-64.44,-0.145,0.36
20100910,-0.425,-0.215,-0.135,-0.425,88181,0.0,-78.38,41.89,0.155,0.34
20100913,-0.095,0.005,0.1,-0.22,118967,0.0,-148.84,102.33,0.22,0.45
20100914,0.0,-0.02,0.155,-0.04,89665,0.0,3900.0,-500.0,-0.025,0.34
20100915,-0.045,0.085,0.14,-0.28,78949,0.0,-2100.0,525.0,0.105,0.3
20100916,0.07,-0.025,0.075,-0.12,132220,0.0,229.41,-129.41,-0.11,0.5
20100917,0.105,0.03,0.18,-0.15,324725,0.0,-1320.0,220.0,0.055,1.24
20100920,0.09,0.23,0.36,-0.005,142320,0.0,1216.67,666.67,0.2,0.54
20100921,0.26,0.08,0.26,0.05,117979,0.0,91.3,-65.22,-0.15,0.45
20100922,0.025,0.045,0.11,0.005,105268,0.0,131.25,-43.75,-0.035,0.4
20100923,-0.07,-0.045,0.145,-0.07,106971,0.0,477.78,-200.0,-0.09,0.41
20100924,0.075,0.21,0.21,0.04,145098,0.0,-377.78,566.67,0.255,0.55
20100927,0.17,0.145,0.26,0.085,42523,0.0,83.33,-30.95,-0.065,0.16
20100928,0.205,0.3,0.33,-0.065,125981,0.0,272.41,106.9,0.155,0.48
20100929,0.23,0.28,0.3,0.08,47411,0.0,73.33,-6.67,-0.02,0.18
20100930,0.355,0.255,0.395,0.09,80841,0.0,108.93,-8.93,-0.025,0.31
20101001,0.39,0.365,0.44,0.275,78882,0.0,64.71,43.14,0.11,0.3
20101004,0.295,0.13,0.355,0.065,79214,0.0,79.45,-64.38,-0.235,0.3
20101005,0.25,0.46,0.505,0.18,86574,0.0,250.0,253.85,0.33,0.33
20101006,0.3,0.38,0.485,0.3,47749,0.0,40.22,-17.39,-0.08,0.18
20101007,0.525,0.53,0.53,0.525,400,0.0,1.32,39.47,0.15,0.0
20101008,0.525,0.615,0.67,0.38,70745,0.0,54.72,16.04,0.085,0.27
20101011,0.635,0.65,0.755,0.585,45361,0.0,27.64,5.69,0.035,0.17
20101012,0.58,0.53,0.635,0.43,120646,0.0,31.54,-18.46,-0.12,0.46
20101013,0.58,0.53,0.635,0.43,120646,0.0,38.68,0.0,0.0,0.46
20101014,0.58,0.53,0.635,0.43,120646,0.0,38.68,0.0,0.0,0.46
20101015,0.685,0.56,0.75,0.555,169582,0.0,36.79,5.66,0.03,0.64
20101018,0.585,0.585,0.595,0.505,138449,0.0,16.07,4.46,0.025,0.53
20101019,0.475,0.3,0.615,0.25,238673,0.0,62.39,-48.72,-0.285,0.91
20101020,0.375,0.335,0.515,0.135,124447,0.0,126.67,11.67,0.035,0.47
20101021,0.425,0.23,0.45,0.045,272897,0.0,120.9,-31.34,-0.105,1.04
20101022,0.23,0.305,0.325,0.135,102906,0.0,82.61,32.61,0.075,0.39
20101025,0.405,0.23,0.405,0.185,62669,0.0,72.13,-24.59,-0.075,0.24
20101026,0.215,0.065,0.275,0.05,112157,0.0,97.83,-71.74,-0.165,0.43
20101027,0.03,-0.105,0.105,-0.155,203420,0.0,400.0,-261.54,-0.17,0.79
20101028,-0.015,-0.075,0.09,-0.105,75694,0.0,-185.71,28.57,0.03,0.29
20101029,-0.105,-0.005,0.04,-0.14,86633,0.0,-240.0,93.33,0.07,0.34
20101101,0.075,-0.025,0.13,-0.105,54806,0.0,-4700.0,-400.0,-0.02,0.21
20101102,0.015,0.165,0.225,0.0,148954,0.0,-900.0,760.0,0.19,0.58
20101103,0.175,0.165,0.23,0.015,92812,0.0,130.3,0.0,0.0,0.36
20101104,0.05,-0.175,0.055,-0.335,242837,0.0,236.36,-206.06,-0.34,0.94
20101105,-0.19,-0.125,-0.065,-0.19,109561,0.0,-71.43,28.57,0.05,0.43
20101108,-0.145,-0.14,-0.095,-0.19,105251,0.0,-76.0,-12.0,-0.015,0.41
20101109,-0.07,-0.165,-0.065,-0.195,153334,0.0,-92.86,-17.86,-0.025,0.59
20101110,-0.255,-0.045,-0.035,-0.42,168020,0.0,-233.33,72.73,0.12,0.65
20101111,-0.14,0.07,0.13,-0.16,101530,0.0,-644.44,255.56,0.115,0.39
20101112,-0.055,-0.085,0.08,-0.13,105585,0.0,300.0,-221.43,-0.155,0.41
20101115,-0.02,-0.145,0.005,-0.16,84880,0.0,-194.12,-70.59,-0.06,0.33
20101116,-0.225,-0.145,-0.075,-0.235,144870,0.0,-110.34,0.0,0.0,0.56
20101117,-0.165,-0.15,-0.02,-0.175,97042,0.0,-106.9,-3.45,-0.005,0.38
20101118,-0.025,-0.055,0.03,-0.1,101030,0.0,-86.67,63.33,0.095,0.39
20101119,-0.035,-0.01,0.045,-0.12,109886,0.0,-300.0,81.82,0.045,0.43
20101122,-0.12,0.015,0.07,-0.12,94172,0.0,-1900.0,250.0,0.025,0.37
20101123,-0.105,0.005,0.125,-0.155,130354,0.0,1866.67,-66.67,-0.01,0.51
20101124,0.105,0.1,0.2,0.01,70120,0.0,3800.0,1900.0,0.095,0.27
20101126,0.005,0.02,0.13,0.005,25692,0.0,125.0,-80.0,-0.08,0.1
20101129,-0.055,-0.01,0.05,-0.16,91928,0.0,1050.0,-150.0,-0.03,0.36
20101130,-0.12,-0.115,-0.05,-0.17,200627,0.0,-1200.0,-1050.0,-0.105,0.78
20101201,-0.075,-0.08,0.03,-0.15,105523,0.0,-156.52,30.43,0.035,0.41
20101202,-0.09,0.0,0.025,-0.155,54723,0.0,-225.0,100.0,0.08,0.21
20101203,-0.075,0.15,0.17,-0.075,74705,0.0,238977792.0,0.0,0.15,0.29
20101206,0.115,0.115,0.135,-0.005,91338,0.0,93.33,-23.33,-0.035,0.35
20101207,0.28,0.215,0.28,0.21,13086,0.0,60.87,86.96,0.1,0.05
20101208,0.28,0.11,0.28,0.085,91963,0.0,90.7,-48.84,-0.105,0.36
20101209,0.185,0.115,0.205,0.01,88516,0.0,177.27,4.55,0.005,0.34
20101210,0.155,0.155,0.185,0.065,33568,0.0,104.35,34.78,0.04,0.13
20101213,0.17,0.04,0.2,0.02,94976,0.0,116.13,-74.19,-0.115,0.37
20101214,0.1,0.11,0.225,0.005,111106,0.0,550.0,175.0,0.07,0.43
20101215,0.115,0.125,0.315,0.04,62864,0.0,250.0,13.64,0.015,0.24
20101216,0.13,0.23,0.31,0.13,65764,0.0,144.0,84.0,0.105,0.26
20101217,0.255,0.28,0.295,0.15,148742,0.0,63.04,21.74,0.05,0.58
20101220,0.305,0.54,0.565,0.225,140828,0.0,121.43,92.86,0.26,0.55
20101221,0.495,0.95,0.99,0.375,235335,0.0,113.89,75.93,0.41,0.91
20101222,1.01,0.83,1.19,0.82,98369,0.0,38.95,-12.63,-0.12,0.38
20101223,0.85,0.91,1.085,0.805,62807,0.0,33.73,9.64,0.08,0.24
20101227,0.855,0.85,0.905,0.825,45770,0.0,8.79,-6.59,-0.06,0.18
20101228,0.82,0.98,1.0,0.72,91969,0.0,32.94,15.29,0.13,0.36
20101229,1.025,1.12,1.17,0.36,89487,0.0,82.65,14.29,0.14,0.35
20101230,1.095,1.065,1.155,1.035,64789,0.0,10.71,-4.91,-0.055,0.25
20101231,0.795,0.93,1.085,0.795,90399,0.0,27.23,-12.68,-0.135,0.36
20110103,1.03,1.095,1.33,1.03,108323,0.0,32.26,17.74,0.165,0.43
20110104,1.145,0.91,1.145,0.81,109173,0.0,30.59,-16.89,-0.185,0.43
20110105,0.9,1.18,1.19,0.865,213777,0.0,35.71,29.67,0.27,0.84
20110106,1.16,1.18,1.195,1.015,216970,0.0,15.25,0.0,0.0,0.85
20110107,1.2,1.15,1.205,0.945,142760,0.0,22.03,-2.54,-0.03,0.56
20110110,1.065,1.17,1.295,1.065,128164,0.0,20.0,1.74,0.02,0.5
20110111,1.19,1.125,1.25,1.09,81089,0.0,13.68,-3.85,-0.045,0.32
20110112,1.265,1.18,1.265,1.115,91968,0.0,13.33,4.89,0.055,0.36
20110113,1.155,1.28,1.28,1.135,53560,0.0,12.29,8.47,0.1,0.21
20110114,1.29,1.435,1.45,1.21,75492,0.0,18.75,12.11,0.155,0.3
20110118,1.36,1.315,1.425,1.21,77247,0.0,14.98,-8.36,-0.12,0.3
20110119,1.29,1.26,1.325,1.18,132649,0.0,11.03,-4.18,-0.055,0.52
20110120,1.505,1.635,2.145,1.43,397127,0.0,56.75,29.76,0.375,1.56
20110121,1.72,1.5,1.91,1.375,108915,0.0,32.72,-8.26,-0.135,0.43
20110124,1.475,1.51,1.605,1.33,172399,0.0,18.33,0.67,0.01,0.68
20110125,1.555,1.595,1.865,1.43,121591,0.0,28.81,5.63,0.085,0.48
20110126,1.555,1.595,1.865,1.43,120806,0.0,27.27,0.0,0.0,0.47
20110127,1.615,1.665,1.77,1.58,64742,0.0,11.91,4.39,0.07,0.25
20110128,1.625,1.37,1.665,1.36,117050,0.0,18.32,-17.72,-0.295,0.46
20110131,1.405,1.43,1.515,1.28,91309,0.0,17.15,4.38,0.06,0.36
20110201,1.48,1.695,1.715,1.435,56311,0.0,19.58,18.53,0.265,0.22
20110202,1.635,1.705,1.93,1.585,78013,0.0,20.35,0.59,0.01,0.31
20110203,1.725,1.705,1.935,1.62,99798,0.0,18.48,0.0,0.0,0.39
20110204,1.705,1.74,1.785,1.54,61210,0.0,14.37,2.05,0.035,0.24
20110207,1.765,1.775,1.865,1.64,94293,0.0,12.93,2.01,0.035,0.37
20110208,1.735,1.855,1.855,1.68,44529,0.0,9.86,4.51,0.08,0.18
20110209,1.795,1.81,1.89,1.69,44621,0.0,10.78,-2.43,-0.045,0.18
20110210,1.73,1.82,1.88,1.73,70961,0.0,8.29,0.55,0.01,0.28
20110211,1.765,1.865,1.895,1.735,91892,0.0,8.79,2.47,0.045,0.36
20110214,1.825,1.815,1.865,1.78,60324,0.0,4.56,-2.68,-0.05,0.24
20110215,1.75,1.695,1.83,1.695,61552,0.0,7.44,-6.61,-0.12,0.24
20110216,1.695,1.705,1.76,1.585,140463,0.0,10.32,0.59,0.01,0.55
20110217,1.665,1.76,1.825,1.59,85324,0.0,13.78,3.23,0.055,0.33
20110218,1.865,1.64,1.895,1.505,182369,0.0,22.16,-6.82,-0.12,0.71
20110222,1.545,1.315,1.935,1.26,110217,0.0,41.16,-19.82,-0.325,0.43
20110223,1.41,1.725,1.78,1.235,278812,0.0,41.44,31.18,0.41,1.09
20110224,1.68,1.57,1.805,1.485,262838,0.0,18.55,-8.99,-0.155,1.02
20110225,1.545,1.58,1.68,1.48,137459,0.0,12.74,0.64,0.01,0.54
20110228,1.265,1.67,1.685,1.265,286788,0.0,26.58,5.7,0.09,1.12
20110301,1.695,1.58,1.815,1.435,248476,0.0,22.75,-5.39,-0.09,0.97
20110302,1.58,1.425,1.585,1.25,89929,0.0,21.2,-9.81,-0.155,0.35
20110303,1.525,1.68,1.785,1.445,76402,0.0,23.86,17.89,0.255,0.3
20110304,1.665,1.78,1.79,1.595,144655,0.0,11.61,5.95,0.1,0.56
20110307,1.8,1.71,1.995,1.645,80692,0.0,19.66,-3.93,-0.07,0.31
20110308,1.69,2.015,2.075,1.69,97888,0.0,22.51,17.84,0.305,0.38
20110309,2.0,2.33,2.565,2.0,189880,0.0,28.04,15.63,0.315,0.74
20110310,2.255,2.24,2.46,2.08,130028,0.0,16.31,-3.86,-0.09,0.51
20110311,2.225,2.355,2.475,2.065,136010,0.0,18.3,5.13,0.115,0.53
20110314,2.24,2.32,2.375,2.11,82277,0.0,11.25,-1.49,-0.035,0.32
20110315,2.05,2.055,2.195,1.92,64713,0.0,11.85,-11.42,-0.265,0.25
20110316,2.005,1.8,2.105,1.8,146211,0.0,14.84,-12.41,-0.255,0.57
20110317,1.955,1.855,2.035,1.855,113719,0.0,10.0,3.06,0.055,0.44
20110318,1.94,2.095,2.1,1.94,109126,0.0,8.63,12.94,0.24,0.43
20110321,2.18,2.315,2.47,2.18,85044,0.0,13.84,10.5,0.22,0.33
20110322,2.345,2.195,2.4,2.165,95738,0.0,10.15,-5.18,-0.12,0.37
20110323,2.235,2.235,2.28,2.015,161954,0.0,12.07,1.82,0.04,0.63
20110324,2.235,2.205,2.245,1.85,73488,0.0,17.67,-1.34,-0.03,0.29
20110325,2.225,2.24,2.495,2.21,90602,0.0,12.93,1.59,0.035,0.35
20110328,2.275,2.115,2.315,2.065,89292,0.0,11.16,-5.58,-0.125,0.35
20110329,2.15,2.315,2.325,2.085,146845,0.0,11.35,9.46,0.2,0.57
20110330,2.285,2.54,2.555,2.215,128591,0.0,14.69,9.72,0.225,0.5
20110331,2.545,2.915,3.05,2.42,134423,0.0,24.8,14.76,0.375,0.52
20110401,2.955,2.935,3.175,2.915,62697,0.0,8.92,0.69,0.02,0.24
20110404,2.995,2.86,2.995,2.8,37593,0.0,6.64,-2.56,-0.075,0.15
20110405,2.815,2.875,2.96,2.74,37883,0.0,7.69,0.52,0.015,0.15
20110406,2.935,2.74,2.95,2.675,60029,0.0,9.57,-4.7,-0.135,0.23
20110407,2.77,2.575,2.815,2.255,49310,0.0,20.44,-6.02,-0.165,0.19
20110408,2.69,2.47,2.695,2.385,62792,0.0,12.04,-4.08,-0.105,0.24
20110411,2.43,2.375,2.455,2.305,41799,0.0,6.07,-3.85,-0.095,0.16
20110412,2.26,2.48,2.58,2.22,62528,0.0,15.16,4.42,0.105,0.24
20110413,2.495,2.62,2.705,2.45,102262,0.0,10.28,5.65,0.14,0.4
20110414,2.535,2.765,2.78,2.535,111266,0.0,9.35,5.53,0.145,0.43
20110415,2.72,2.955,2.99,2.72,129534,0.0,9.76,6.87,0.19,0.5
20110418,2.35,2.625,2.78,2.305,182476,0.0,16.07,-11.17,-0.33,0.71
20110419,2.705,2.2,2.705,2.08,158909,0.0,23.81,-16.19,-0.425,0.62
20110420,2.335,2.24,2.43,2.17,127867,0.0,11.82,1.82,0.04,0.5
20110421,2.35,2.125,2.35,2.08,59662,0.0,12.05,-5.13,-0.115,0.23
20110425,2.185,2.14,2.2,2.065,55159,0.0,6.35,0.71,0.015,0.21
20110426,2.18,2.12,2.245,2.075,64993,0.0,7.94,-0.93,-0.02,0.25
20110427,2.125,2.06,2.23,1.905,73363,0.0,15.33,-2.83,-0.06,0.28
20110428,2.08,2.185,2.19,1.94,56592,0.0,12.14,6.07,0.125,0.22
20110429,2.22,2.11,2.305,1.995,57767,0.0,14.19,-3.43,-0.075,0.22
20110502,2.08,1.89,2.175,1.875,62119,0.0,14.22,-10.43,-0.22,0.24
20110503,1.89,2.035,2.09,1.855,115891,0.0,12.43,7.67,0.145,0.45
20110504,2.41,2.83,2.93,2.315,313960,0.0,30.22,39.07,0.795,1.22
20110505,2.82,3.095,3.24,2.705,362611,0.0,18.9,9.36,0.265,1.41
20110506,3.1,2.95,3.275,2.93,144829,0.0,11.15,-4.68,-0.145,0.56
20110509,2.9,3.07,3.16,2.755,97144,0.0,13.73,4.07,0.12,0.38
20110510,3.135,3.47,3.495,3.135,116236,0.0,11.73,13.03,0.4,0.45
20110511,3.45,3.45,3.58,3.3,142082,0.0,8.07,-0.58,-0.02,0.55
20110512,3.385,3.56,3.56,3.075,244792,0.0,14.06,3.19,0.11,0.95
20110513,3.53,3.46,3.53,3.355,100500,0.0,4.92,-2.81,-0.1,0.39
20110516,3.38,3.19,3.415,3.18,99259,0.0,6.79,-7.8,-0.27,0.39
20110517,3.14,3.245,3.285,3.07,229193,0.0,6.74,1.72,0.055,0.89
20110518,3.285,3.83,3.88,3.285,171487,0.0,18.34,18.03,0.585,0.67
20110519,3.93,3.93,4.075,3.815,249813,0.0,6.79,2.61,0.1,0.97
20110520,3.84,3.95,4.1,3.75,188473,0.0,8.91,0.51,0.02,0.73
20110523,3.84,3.92,4.12,3.7,114677,0.0,10.63,-0.76,-0.03,0.45
20110524,3.92,3.85,4.005,3.82,96591,0.0,4.72,-1.79,-0.07,0.38
20110525,3.845,4.08,4.185,3.845,169738,0.0,8.83,5.97,0.23,0.66
20110526,4.05,4.215,4.455,4.05,120760,0.0,9.93,3.31,0.135,0.47
20110527,3.98,4.205,4.275,3.955,127487,0.0,7.59,-0.24,-0.01,0.5
20110531,4.095,3.645,4.175,3.395,459335,0.0,18.55,-13.32,-0.56,1.78
20110601,3.69,3.185,3.725,3.17,485100,0.0,15.23,-12.62,-0.46,1.88
20110602,3.575,3.575,3.67,3.26,845370,0.0,12.87,12.24,0.39,3.28
20110603,3.36,3.405,3.5,3.325,114669,0.0,4.9,-4.76,-0.17,0.45
20110606,3.43,3.315,3.54,3.28,153831,0.0,7.64,-2.64,-0.09,0.6
20110607,3.35,3.585,3.72,3.345,160295,0.0,11.31,8.14,0.27,0.62
20110608,3.585,3.285,3.64,3.23,218002,0.0,11.44,-8.37,-0.3,0.85
20110609,3.335,3.285,3.4,3.23,72332,0.0,5.18,0.0,0.0,0.28
20110610,3.18,3.05,3.185,2.945,112869,0.0,7.31,-7.15,-0.235,0.44
20110613,3.085,3.045,3.21,2.555,76225,0.0,21.48,-0.16,-0.005,0.3
20110614,3.13,3.21,3.33,3.07,96829,0.0,8.54,5.42,0.165,0.38
20110615,3.08,3.035,3.25,3.0,57943,0.0,7.79,-5.45,-0.175,0.23
20110616,3.07,3.215,3.325,3.015,59557,0.0,10.21,5.93,0.18,0.23
20110617,3.265,3.155,3.47,3.12,114532,0.0,10.89,-1.87,-0.06,0.44
20110620,3.145,3.285,3.37,3.145,85309,0.0,7.13,4.12,0.13,0.33
20110621,3.33,3.525,3.55,3.33,85835,0.0,6.7,7.31,0.24,0.33
20110622,3.57,3.29,3.57,3.28,113590,0.0,8.23,-6.67,-0.235,0.44
20110623,3.06,3.33,3.38,3.06,107180,0.0,9.73,1.22,0.04,0.42
20110624,3.32,3.295,3.36,3.19,135701,0.0,5.11,-1.05,-0.035,0.53
20110627,3.29,3.365,3.395,3.265,97660,0.0,3.95,2.12,0.07,0.38
20110628,3.395,3.565,3.64,3.395,127443,0.0,7.28,5.94,0.2,0.49
20110629,3.61,3.595,3.63,3.425,136029,0.0,5.75,0.84,0.03,0.53
20110630,3.655,3.71,3.76,3.63,66311,0.0,3.62,3.2,0.115,0.26
20110701,3.735,3.975,4.135,3.735,121399,0.0,10.78,7.14,0.265,0.47
20110705,3.435,3.18,3.575,2.85,389255,0.0,18.24,-20.0,-0.795,1.51
20110706,3.145,3.11,3.21,2.76,197522,0.0,14.15,-2.2,-0.07,0.77
20110707,3.185,3.16,3.29,3.1,174170,0.0,6.11,1.61,0.05,0.68
20110708,2.955,3.11,3.155,2.955,94069,0.0,6.33,-1.58,-0.05,0.37
20110711,2.995,3.015,3.105,2.955,63889,0.0,4.82,-3.05,-0.095,0.25
20110712,2.97,2.91,3.18,2.87,85607,0.0,10.28,-3.48,-0.105,0.33
20110713,2.965,3.03,3.09,2.965,94523,0.0,4.3,4.12,0.12,0.37
20110714,3.08,2.87,3.08,2.8,164611,0.0,9.24,-5.28,-0.16,0.64
20110715,2.875,2.85,2.93,2.66,108484,0.0,9.41,-0.7,-0.02,0.42
20110718,2.775,2.825,2.94,2.72,86213,0.0,7.72,-0.88,-0.025,0.33
20110719,2.865,2.885,3.065,2.85,105407,0.0,7.61,2.12,0.06,0.41
20110720,2.875,2.78,2.93,2.71,87772,0.0,7.63,-3.64,-0.105,0.34
20110721,2.78,2.855,2.93,2.78,86986,0.0,5.4,2.7,0.075,0.34
20110722,2.83,2.785,2.88,2.75,75456,0.0,4.55,-2.45,-0.07,0.29
20110725,2.69,2.855,2.915,2.66,154986,0.0,9.16,2.51,0.07,0.6
20110726,2.89,2.705,2.89,2.67,102077,0.0,7.71,-5.25,-0.15,0.4
20110727,2.63,2.605,2.725,2.355,215148,0.0,13.68,-3.7,-0.1,0.85
20110728,2.605,2.69,2.9,2.605,100454,0.0,11.32,3.26,0.085,0.4
20110729,2.58,2.685,2.815,2.44,73765,0.0,13.94,-0.19,-0.005,0.29
20110801,2.775,2.645,3.02,2.385,114118,0.0,23.65,-1.49,-0.04,0.45
20110802,2.53,2.345,2.735,2.315,158403,0.0,15.88,-11.34,-0.3,0.63
20110803,2.03,2.41,2.565,1.745,177874,0.0,34.97,2.77,0.065,0.7
20110804,2.215,1.97,2.52,1.97,155059,0.0,22.82,-18.26,-0.44,0.61
20110805,2.085,1.805,2.205,1.67,264558,0.0,27.16,-8.38,-0.165,1.05
20110808,1.575,0.815,1.97,0.815,308306,0.0,63.99,-54.85,-0.99,1.22
20110809,1.06,1.625,1.655,0.555,302829,0.0,134.97,99.39,0.81,1.2
20110810,1.32,1.01,1.615,0.955,120994,0.0,40.62,-37.85,-0.615,0.48
20110811,1.12,1.21,1.49,1.12,262995,0.0,36.63,19.8,0.2,1.04
20110812,1.27,1.2,1.425,1.075,153557,0.0,28.93,-0.83,-0.01,0.61
20110815,1.325,1.31,1.345,1.055,109344,0.0,24.17,9.17,0.11,0.43
20110816,1.24,1.115,1.31,0.78,171854,0.0,40.46,-14.89,-0.195,0.68
20110817,1.13,1.415,1.46,1.09,241744,0.0,33.18,26.91,0.3,0.96
20110818,1.085,0.88,1.335,0.74,245633,0.0,42.05,-37.81,-0.535,0.97
20110819,0.715,0.93,1.195,0.555,126471,0.0,72.73,5.68,0.05,0.5
20110822,1.2,0.975,1.21,0.925,142032,0.0,30.65,4.84,0.045,0.56
20110823,1.065,1.54,1.56,1.03,174765,0.0,54.36,57.95,0.565,0.69
20110824,1.495,1.58,1.84,1.41,109376,0.0,27.92,2.6,0.04,0.43
20110825,1.655,1.345,1.655,1.23,182993,0.0,26.9,-14.87,-0.235,0.72
20110826,1.3,1.435,1.6,1.125,134110,0.0,35.32,6.69,0.09,0.53
20110829,1.535,1.93,1.945,1.535,147563,0.0,28.57,34.49,0.495,0.58
20110830,1.905,1.81,1.955,1.625,209377,0.0,17.1,-6.22,-0.12,0.83
20110831,1.835,1.955,2.01,1.78,284018,0.0,12.71,8.01,0.145,1.12
20110901,1.93,1.78,2.125,1.65,198857,0.0,24.3,-8.95,-0.175,0.79
20110902,1.555,1.44,1.735,1.35,161321,0.0,21.63,-19.1,-0.34,0.64
20110906,1.125,1.38,1.41,0.85,161569,0.0,38.89,-4.17,-0.06,0.64
20110907,1.54,1.635,1.64,1.305,141372,0.0,24.28,18.48,0.255,0.56
20110908,1.58,1.54,1.785,1.445,134786,0.0,20.8,-5.81,-0.095,0.53
20110909,1.4,1.115,1.4,0.905,163780,0.0,32.14,-27.6,-0.425,0.65
20110912,0.97,1.285,1.34,0.965,125324,0.0,33.63,15.25,0.17,0.5
20110913,1.28,1.38,1.52,1.225,104390,0.0,22.96,7.39,0.095,0.41
20110914,1.505,1.73,1.925,1.41,142852,0.0,37.32,25.36,0.35,0.56
20110915,1.8,2.045,2.05,1.665,142834,0.0,22.25,18.21,0.315,0.56
20110916,2.12,1.975,2.16,1.91,231035,0.0,12.22,-3.42,-0.07,0.91
20110919,1.79,2.005,2.11,1.745,84617,0.0,18.48,1.52,0.03,0.33
20110920,2.05,1.745,2.27,1.735,83176,0.0,26.68,-12.97,-0.26,0.33
20110921,1.735,1.44,1.925,1.4,86314,0.0,30.09,-17.48,-0.305,0.34
20110922,1.12,1.495,1.535,1.065,240995,0.0,32.64,3.82,0.055,0.95
20110923,1.565,2.07,2.185,1.565,155000,0.0,41.47,38.46,0.575,0.61
20110926,2.22,2.495,2.615,2.16,180763,0.0,21.98,20.53,0.425,0.74
20110927,2.805,2.795,3.135,2.605,249691,0.0,21.24,12.02,0.3,1.02
20110928,2.795,2.365,2.795,2.345,142247,0.0,16.1,-15.38,-0.43,0.58
20110929,2.635,2.605,2.785,2.165,123441,0.0,26.22,10.15,0.24,0.51
20110930,2.395,2.28,2.83,2.255,141535,0.0,22.07,-12.48,-0.325,0.58
20111003,2.205,1.85,2.6,1.845,186723,0.0,33.11,-18.86,-0.43,0.77
20111004,1.755,2.64,2.665,1.58,181943,0.0,58.65,42.7,0.79,0.75
20111005,2.61,2.53,2.85,2.45,130407,0.0,15.15,-4.17,-0.11,0.54
20111006,2.465,2.38,2.625,2.275,200349,0.0,13.83,-5.93,-0.15,0.82
20111007,2.46,2.225,2.535,2.135,98288,0.0,16.81,-6.51,-0.155,0.4
20111010,2.405,2.715,2.73,2.31,117530,0.0,18.88,22.02,0.49,0.48
20111011,2.645,2.84,2.96,2.605,86097,0.0,13.08,4.6,0.125,0.35
20111012,2.945,3.095,3.245,2.81,119950,0.0,15.32,8.98,0.255,0.49
20111013,2.995,3.185,3.345,2.995,115756,0.0,11.31,2.91,0.09,0.47
20111014,3.33,3.345,3.4,3.15,73259,0.0,7.85,5.02,0.16,0.3
20111017,3.265,2.96,3.35,2.87,116204,0.0,14.35,-11.51,-0.385,0.48
20111018,3.04,3.365,3.58,2.96,128370,0.0,20.95,13.68,0.405,0.53
20111019,3.325,3.255,3.45,3.095,112330,0.0,10.55,-3.27,-0.11,0.46
20111020,3.235,3.34,3.435,3.115,65448,0.0,9.83,2.61,0.085,0.27
20111021,3.58,4.04,4.06,3.45,185257,0.0,18.26,20.96,0.7,0.76
20111024,4.045,4.085,4.26,3.945,106653,0.0,7.8,1.11,0.045,0.44
20111025,3.975,3.695,4.155,3.665,83218,0.0,12.0,-9.55,-0.39,0.34
20111026,3.945,3.985,4.21,3.605,78687,0.0,16.37,7.85,0.29,0.32
20111027,4.385,4.55,4.755,4.2,165569,0.0,13.93,14.18,0.565,0.68
20111028,4.555,4.165,4.615,4.125,72394,0.0,10.77,-8.46,-0.385,0.3
20111031,3.905,3.96,4.225,3.905,61083,0.0,7.68,-4.92,-0.205,0.25
20111101,3.51,3.59,4.03,3.51,102746,0.0,13.13,-9.34,-0.37,0.42
20111102,4.04,5.065,5.45,3.98,423447,0.0,40.95,41.09,1.475,1.74
20111103,5.03,5.145,5.4,4.94,310032,0.0,9.08,1.58,0.08,1.27
20111104,4.945,4.85,5.135,4.79,159407,0.0,6.71,-5.73,-0.295,0.65
20111107,4.74,4.985,4.985,4.74,195578,0.0,5.05,2.78,0.135,0.8
20111108,4.99,5.16,5.19,4.89,166343,0.0,6.02,3.51,0.175,0.68
20111109,4.78,4.83,5.055,4.75,277302,0.0,5.91,-6.4,-0.33,1.14
20111110,5.085,4.955,5.24,4.845,179657,0.0,8.18,2.59,0.125,0.74
20111111,5.075,5.33,5.37,5.075,132091,0.0,5.95,7.57,0.375,0.54
20111114,5.15,4.995,5.445,4.94,156589,0.0,9.47,-6.29,-0.335,0.64
20111115,4.895,5.13,5.25,4.685,128979,0.0,11.31,2.7,0.135,0.53
20111116,4.985,4.79,5.095,4.71,79254,0.0,7.5,-6.63,-0.34,0.33
20111117,4.815,4.795,5.0,4.72,136260,0.0,5.85,0.1,0.005,0.56
20111118,4.935,5.26,5.28,4.76,257186,0.0,10.84,9.7,0.465,1.06
20111121,5.025,5.205,5.325,5.015,170126,0.0,5.89,-1.05,-0.055,0.7
20111122,5.27,5.31,5.565,5.24,130104,0.0,6.24,2.02,0.105,0.53
20111123,5.16,4.995,5.185,4.91,158564,0.0,5.18,-5.93,-0.315,0.65
20111125,4.955,4.875,5.15,4.865,69983,0.0,5.71,-2.4,-0.12,0.29
20111128,5.235,5.885,6.0,5.235,355469,0.0,15.69,20.72,1.01,1.46
20111129,5.765,5.97,6.17,5.765,525335,0.0,6.88,1.44,0.085,2.16
20111130,6.54,6.03,6.54,5.83,354769,0.0,11.89,1.01,0.06,1.46
20111201,6.185,6.04,6.235,5.87,199216,0.0,6.05,0.17,0.01,0.82
20111202,6.295,5.705,6.33,5.65,228529,0.0,11.26,-5.55,-0.335,0.94
20111205,5.92,5.58,5.92,5.14,275683,0.0,13.67,-2.19,-0.125,1.13
20111206,5.545,5.575,5.62,5.425,233887,0.0,3.49,-0.09,-0.005,0.96
20111207,5.43,5.765,5.82,5.35,208180,0.0,8.43,3.41,0.19,0.85
20111208,5.58,5.5,5.74,5.44,187767,0.0,5.2,-4.6,-0.265,0.77
20111209,5.565,5.995,6.32,5.465,374842,0.0,15.55,9.0,0.495,1.54
20111212,5.805,5.605,5.99,5.445,245932,0.0,9.09,-6.51,-0.39,1.01
20111213,5.67,5.33,5.88,5.265,221057,0.0,10.97,-4.91,-0.275,0.91
20111214,5.24,5.25,5.445,5.2,182430,0.0,4.6,-1.5,-0.08,0.75
20111215,5.51,5.455,5.58,5.3,133330,0.0,5.33,3.9,0.205,0.55
20111216,5.505,5.435,5.635,5.365,328827,0.0,4.95,-0.37,-0.02,1.35
20111219,5.78,5.33,5.89,5.315,222039,0.0,10.58,-1.93,-0.105,0.91
20111220,5.625,5.615,5.795,5.58,197165,0.0,4.03,5.35,0.285,0.81
20111221,5.605,5.955,6.025,5.025,287415,0.0,17.81,6.06,0.34,1.18
20111222,6.005,5.75,6.075,5.745,127606,0.0,5.54,-3.44,-0.205,0.52
20111223,5.82,6.02,6.11,5.815,101418,0.0,5.13,4.7,0.27,0.42
20111227,5.92,6.205,6.29,5.915,72708,0.0,6.23,3.07,0.185,0.3
20111228,6.25,5.97,6.255,5.935,104869,0.0,5.16,-3.79,-0.235,0.44
20111229,6.08,6.19,6.315,6.08,74020,0.0,3.94,3.69,0.22,0.31
20111230,6.18,5.92,6.205,5.915,105319,0.0,4.68,-4.36,-0.27,0.44
20120103,6.305,5.91,6.35,5.895,139188,0.0,7.69,-0.17,-0.01,0.58
20120104,5.88,5.98,6.06,5.795,174058,0.0,4.48,1.18,0.07,0.72
20120105,5.915,6.145,6.235,5.725,432387,0.0,8.53,2.76,0.165,1.8
20120106,6.17,6.13,6.345,6.05,178139,0.0,4.8,-0.24,-0.015,0.74
20120109,6.255,6.1,6.255,6.055,114349,0.0,3.26,-0.49,-0.03,0.48
20120110,6.345,6.2,6.355,6.08,123015,0.0,4.51,1.64,0.1,0.51
20120111,6.165,6.33,6.34,6.125,77609,0.0,3.47,2.1,0.13,0.32
20120112,6.305,6.285,6.405,6.22,96383,0.0,2.92,-0.71,-0.045,0.4
20120113,6.095,6.28,6.39,6.095,72931,0.0,4.69,-0.08,-0.005,0.3
20120117,6.455,6.365,6.515,6.325,128452,0.0,3.03,1.35,0.085,0.53
20120118,6.345,6.47,6.58,6.16,99791,0.0,6.6,1.65,0.105,0.42
20120119,6.525,6.505,6.56,6.345,214614,0.0,3.32,0.54,0.035,0.89
20120120,6.53,6.655,6.675,6.385,98588,0.0,4.46,2.31,0.15,0.41
20120123,6.71,6.565,6.71,6.41,93757,0.0,4.51,-1.35,-0.09,0.39
20120124,6.52,6.585,6.645,6.315,114420,0.0,5.03,0.3,0.02,0.48
20120125,6.58,6.66,6.76,6.47,92777,0.0,4.4,1.14,0.075,0.39
20120126,6.76,6.535,6.78,6.445,111303,0.0,5.03,-1.88,-0.125,0.46
20120127,6.435,6.585,6.605,6.335,102466,0.0,4.13,0.77,0.05,0.43
20120130,6.485,6.565,6.695,6.38,108998,0.0,4.78,-0.3,-0.02,0.45
20120131,6.6,6.44,6.73,6.395,173315,0.0,5.1,-1.9,-0.125,0.72
20120201,6.435,6.895,6.935,6.435,366068,0.0,7.76,7.07,0.455,1.52
20120202,6.975,6.84,7.015,6.805,96805,0.0,3.05,-0.8,-0.055,0.4
20120203,7.085,7.295,7.36,7.035,90865,0.0,4.75,6.65,0.455,0.38
20120206,7.265,7.24,7.29,6.95,94212,0.0,4.66,-0.75,-0.055,0.39
20120207,7.14,6.99,7.195,6.935,141529,0.0,3.59,-3.45,-0.25,0.59
20120208,7.06,6.75,7.12,6.59,86107,0.0,7.58,-3.43,-0.24,0.36
20120209,6.75,6.62,6.79,6.54,94144,0.0,3.7,-1.93,-0.13,0.39
20120210,6.425,6.42,6.615,6.39,75227,0.0,3.4,-3.02,-0.2,0.31
20120213,6.55,6.875,7.01,6.55,160028,0.0,7.17,7.09,0.455,0.67
20120214,6.825,6.99,6.99,6.775,84331,0.0,3.13,1.67,0.115,0.35
20120215,7.065,6.7,7.065,6.535,105580,0.0,7.58,-4.15,-0.29,0.44
20120216,6.705,7.225,7.225,6.67,101146,0.0,8.28,7.84,0.525,0.42
20120217,7.31,7.265,7.31,7.11,102723,0.0,2.77,0.55,0.04,0.42
20120221,7.33,7.225,7.49,7.02,134173,0.0,6.47,-0.55,-0.04,0.55
20120222,5.83,5.54,6.03,5.285,462474,0.0,10.31,-23.32,-1.685,1.91
20120223,5.83,5.54,6.03,5.285,462474,0.0,13.45,0.0,0.0,1.91
20120224,5.465,5.515,5.555,5.375,194382,0.0,3.25,-0.45,-0.025,0.8
20120227,5.465,5.38,5.57,5.21,208230,0.0,6.53,-2.45,-0.135,0.86
20120228,5.46,5.615,5.67,5.27,152928,0.0,7.43,4.37,0.235,0.63
20120229,5.695,5.66,5.87,5.63,197621,0.0,4.27,0.8,0.045,0.82
20120301,5.69,5.58,5.885,5.285,171688,0.0,10.6,-1.41,-0.08,0.71
20120302,5.595,5.365,5.595,5.34,141115,0.0,4.57,-3.85,-0.215,0.58
20120305,5.335,5.655,5.725,5.335,90901,0.0,7.27,5.41,0.29,0.37
20120306,5.5,5.525,5.61,5.43,101193,0.0,3.18,-2.3,-0.13,0.42
20120307,5.535,5.58,5.65,5.495,81753,0.0,2.81,1.0,0.055,0.34
20120308,5.615,5.5,5.64,5.48,90589,0.0,2.87,-1.43,-0.08,0.37
20120309,5.455,5.72,5.76,5.455,122328,0.0,5.55,4.0,0.22,0.5
20120312,5.67,5.59,5.76,5.44,114149,0.0,5.59,-2.27,-0.13,0.47
20120313,5.66,5.7,5.76,5.62,105448,0.0,2.5,1.97,0.11,0.43
20120314,5.705,5.52,5.975,5.51,104616,0.0,8.16,-3.16,-0.18,0.43
20120315,5.54,5.61,5.675,5.41,121262,0.0,4.8,1.63,0.09,0.5
20120316,5.685,5.54,5.895,5.485,73072,0.0,7.31,-1.25,-0.07,0.3
20120319,5.68,5.68,5.82,5.58,140015,0.0,4.33,2.53,0.14,0.58
20120320,5.535,5.63,5.65,5.465,58072,0.0,3.26,-0.88,-0.05,0.24
20120321,5.64,5.695,5.75,5.555,74783,0.0,3.46,1.15,0.065,0.31
20120322,5.545,5.6,5.735,5.44,78824,0.0,5.18,-1.67,-0.095,0.33
20120323,5.635,5.67,5.685,5.375,110360,0.0,5.54,1.25,0.07,0.46
20120326,5.795,6.08,6.1,5.795,86032,0.0,5.38,7.23,0.41,0.36
20120327,6.08,6.06,6.155,6.03,82975,0.0,2.06,-0.33,-0.02,0.35
20120328,6.055,6.195,6.195,5.945,119205,0.0,4.13,2.23,0.135,0.5
20120329,6.03,6.055,6.155,5.855,81115,0.0,4.84,-2.26,-0.14,0.34
20120330,6.165,5.91,6.255,5.91,91332,0.0,5.7,-2.39,-0.145,0.38
20120402,5.885,5.845,6.015,5.68,108116,0.0,5.67,-1.1,-0.065,0.45
20120403,5.8,5.895,5.91,5.74,73588,0.0,2.91,0.86,0.05,0.31
20120404,5.75,5.725,5.76,5.485,76825,0.0,4.66,-2.88,-0.17,0.32
20120405,5.61,5.835,5.89,5.61,87509,0.0,4.89,1.92,0.11,0.37
20120409,5.55,5.745,5.825,5.55,73660,0.0,4.71,-1.54,-0.09,0.31
20120410,5.74,5.47,5.74,5.36,144589,0.0,6.61,-4.79,-0.275,0.61
20120411,5.58,5.995,5.995,5.49,126459,0.0,9.23,9.6,0.525,0.53
20120412,5.945,6.03,6.05,5.795,84596,0.0,4.25,0.58,0.035,0.36
20120413,5.955,6.17,6.285,5.86,95239,0.0,7.05,2.32,0.14,0.4
20120416,6.2,6.39,6.48,6.13,130174,0.0,5.67,3.57,0.22,0.55
20120417,6.48,6.42,6.605,6.385,119396,0.0,3.44,0.47,0.03,0.5
20120418,6.36,6.43,6.485,6.29,96165,0.0,3.04,0.16,0.01,0.4
20120419,6.415,6.33,6.455,6.26,140709,0.0,3.03,-1.56,-0.1,0.59
20120420,6.635,6.45,6.665,6.36,167440,0.0,4.82,1.9,0.12,0.7
20120423,6.265,6.485,6.495,6.16,116524,0.0,5.19,0.54,0.035,0.49
20120424,6.42,6.84,6.87,6.42,189784,0.0,6.94,5.47,0.355,0.8
20120425,6.995,7.07,7.075,6.725,198394,0.0,5.12,3.36,0.23,0.83
20120426,6.985,7.18,7.205,6.905,104270,0.0,4.24,1.56,0.11,0.44
20120427,7.165,7.165,7.28,7.07,69817,0.0,2.92,-0.21,-0.015,0.29
20120430,7.095,7.22,7.265,7.095,89346,0.0,2.37,0.77,0.055,0.38
20120501,6.74,6.825,7.39,6.595,249608,0.0,11.01,-5.47,-0.395,1.05
20120502,9.245,10.76,10.94,7.99,1251068,0.0,43.22,57.66,3.935,5.25
20120503,10.64,11.77,11.955,10.64,664173,0.0,12.22,9.39,1.01,2.79
20120504,11.535,11.635,12.035,11.3,325569,0.0,6.24,-1.15,-0.135,1.37
20120507,11.445,11.65,12.305,11.445,292183,0.0,7.39,0.13,0.015,1.23
20120508,11.465,11.155,11.715,11.12,363511,0.0,5.11,-4.25,-0.495,1.53
20120509,11.045,10.96,11.31,10.95,366154,0.0,3.23,-1.75,-0.195,1.54
20120510,11.135,11.32,11.44,10.935,188502,0.0,4.61,3.28,0.36,0.79
20120511,11.15,11.355,11.55,11.15,185941,0.0,3.53,0.31,0.035,0.78
20120514,11.245,10.925,11.415,10.915,180333,0.0,4.4,-3.79,-0.43,0.76
20120515,10.86,10.895,11.105,10.655,167031,0.0,4.12,-0.27,-0.03,0.7
20120516,10.945,10.835,11.075,10.815,165579,0.0,2.39,-0.55,-0.06,0.7
20120517,10.815,10.2,10.895,10.195,188692,0.0,6.46,-5.86,-0.635,0.79
20120518,10.185,10.095,10.585,10.05,168409,0.0,5.25,-1.03,-0.105,0.71
20120521,10.13,10.145,10.24,9.835,199851,0.0,4.01,0.5,0.05,0.84
20120522,10.235,10.395,10.645,10.195,100693,0.0,4.44,2.46,0.25,0.42
20120523,10.185,10.525,10.535,10.185,122459,0.0,3.37,1.25,0.13,0.51
20120524,10.52,10.565,10.7,10.43,98706,0.0,2.57,0.38,0.04,0.41
20120525,10.56,10.59,10.73,10.485,68693,0.0,2.32,0.24,0.025,0.29
20120529,10.65,10.59,10.695,10.46,111588,0.0,2.22,0.0,0.0,0.47
20120530,10.495,10.36,10.58,10.315,125249,0.0,2.5,-2.17,-0.23,0.53
20120531,10.325,10.34,10.505,10.32,118462,0.0,1.79,-0.19,-0.02,0.5
20120601,10.055,10.08,10.355,9.99,202565,0.0,3.53,-2.51,-0.26,0.85
20120604,10.225,10.585,10.665,10.08,181195,0.0,5.8,5.01,0.505,0.76
20120605,10.425,10.615,10.785,10.42,123407,0.0,3.45,0.28,0.03,0.52
20120606,10.665,11.115,11.16,10.665,99544,0.0,4.66,4.71,0.5,0.42
20120607,11.345,10.825,11.345,10.79,111581,0.0,4.99,-2.61,-0.29,0.47
20120608,10.7,10.9,11.055,10.64,62732,0.0,3.83,0.69,0.075,0.26
20120611,11.125,10.44,11.235,10.42,115559,0.0,7.48,-4.22,-0.46,0.49
20120612,10.53,10.37,10.88,10.195,82997,0.0,6.56,-0.67,-0.07,0.35
20120613,10.27,10.015,10.365,9.755,126495,0.0,5.88,-3.42,-0.355,0.53
20120614,9.995,10.52,10.6,9.995,68632,0.0,6.04,5.04,0.505,0.29
20120615,10.445,10.36,10.545,10.23,131239,0.0,2.99,-1.52,-0.16,0.55
20120618,10.295,10.655,10.795,10.24,51808,0.0,5.36,2.85,0.295,0.22
20120619,10.67,10.835,11.035,10.615,65836,0.0,3.94,1.69,0.18,0.28
20120620,10.83,10.49,11.185,10.43,100054,0.0,6.97,-3.18,-0.345,0.42
20120621,10.42,10.075,10.665,9.95,142981,0.0,6.82,-3.96,-0.415,0.6
20120622,10.165,10.33,10.47,10.065,90192,0.0,4.02,2.53,0.255,0.38
20120625,10.095,9.955,10.305,9.885,90014,0.0,4.07,-3.63,-0.375,0.38
20120626,10.055,10.05,10.16,10.005,105465,0.0,1.56,0.95,0.095,0.45
20120627,10.105,10.02,10.13,9.925,75131,0.0,2.04,-0.3,-0.03,0.32
20120628,9.92,10.175,10.185,9.675,96207,0.0,5.09,1.55,0.155,0.41
20120702,10.87,10.93,10.935,10.505,111096,0.0,4.23,7.42,0.755,0.47
20120703,10.895,11.435,11.45,10.765,89878,0.0,6.27,4.62,0.505,0.38
20120705,11.34,11.295,11.575,11.245,108304,0.0,2.89,-1.22,-0.14,0.46
20120706,11.05,11.415,11.49,11.05,77645,0.0,3.9,1.06,0.12,0.33
20120709,11.375,11.44,11.65,11.375,156886,0.0,2.41,0.22,0.025,0.67
20120710,11.585,11.375,11.885,11.3,156853,0.0,5.11,-0.57,-0.065,0.67
20120711,11.385,10.945,11.455,10.905,83938,0.0,4.84,-3.78,-0.43,0.36
20120712,10.845,11.08,11.115,10.84,85915,0.0,2.51,1.23,0.135,0.37
20120713,11.215,11.8,11.925,11.215,209271,0.0,6.41,6.5,0.72,0.89
20120716,11.79,12.0,12.28,11.67,200448,0.0,5.17,1.69,0.2,0.85
20120717,12.19,12.5,12.57,12.11,170148,0.0,3.83,4.17,0.5,0.73
20120718,12.43,13.335,13.535,12.43,236531,0.0,8.84,6.68,0.835,1.01
20120719,13.39,13.375,13.565,13.23,143595,0.0,2.51,0.3,0.04,0.61
20120720,13.12,12.73,13.13,12.53,184121,0.0,4.49,-4.82,-0.645,0.78
20120723,12.31,12.15,12.545,12.09,120159,0.0,3.57,-4.56,-0.58,0.51
20120724,12.3,11.915,12.345,11.68,97121,0.0,5.47,-1.93,-0.235,0.41
20120725,12.11,12.5,12.775,12.1,121894,0.0,5.67,4.91,0.585,0.52
20120726,12.855,12.655,12.97,12.575,116019,0.0,3.16,1.24,0.155,0.49
20120727,12.65,12.68,12.9,12.615,152893,0.0,2.25,0.2,0.025,0.65
20120730,12.67,12.46,12.945,12.43,84075,0.0,4.06,-1.74,-0.22,0.36
20120731,12.53,12.585,12.86,12.46,287329,0.0,3.21,1.0,0.125,1.23
20120801,14.58,12.905,15.285,12.61,601658,0.0,21.26,2.54,0.32,2.57
20120802,12.65,12.705,12.925,12.39,177440,0.0,4.15,-1.55,-0.2,0.76
20120803,13.065,13.465,13.61,12.795,157225,0.0,6.41,5.98,0.76,0.67
20120806,13.545,13.4,13.85,13.23,150874,0.0,4.6,-0.48,-0.065,0.64
20120807,13.38,13.27,13.51,13.09,154599,0.0,3.13,-0.97,-0.13,0.66
20120808,13.08,13.08,13.315,13.055,95385,0.0,1.96,-1.43,-0.19,0.41
20120809,13.155,12.845,13.215,12.8,97277,0.0,3.17,-1.8,-0.235,0.42
20120810,12.905,12.715,13.06,12.58,86535,0.0,3.74,-1.01,-0.13,0.37
20120813,12.805,12.345,12.805,12.25,69030,0.0,4.36,-2.91,-0.37,0.29
20120814,12.385,12.86,12.97,12.385,155165,0.0,4.74,4.17,0.515,0.66
20120815,12.78,12.855,12.985,12.6,58267,0.0,2.99,-0.04,-0.005,0.25
20120816,12.74,12.925,13.035,12.455,95924,0.0,4.51,0.54,0.07,0.41
20120817,12.875,13.155,13.16,12.775,80378,0.0,2.98,1.78,0.23,0.34
20120820,13.075,13.02,13.175,12.895,67888,0.0,2.13,-1.03,-0.135,0.29
20120821,13.045,13.205,13.385,13.035,56358,0.0,2.69,1.42,0.185,0.24
20120822,13.23,13.135,13.275,12.805,76406,0.0,3.56,-0.53,-0.07,0.33
20120823,13.085,12.835,13.175,12.805,50241,0.0,2.82,-2.28,-0.3,0.21
20120824,12.71,13.06,13.195,12.56,45296,0.0,4.95,1.75,0.225,0.19
20120827,13.125,13.4,13.46,13.085,66218,0.0,2.87,2.6,0.34,0.28
20120828,13.34,13.39,13.465,13.13,47512,0.0,2.5,-0.07,-0.01,0.2
20120829,13.4,13.325,13.485,13.26,51061,0.0,1.68,-0.49,-0.065,0.22
20120830,13.31,13.11,13.31,12.91,55830,0.0,3.0,-1.61,-0.215,0.24
20120831,13.32,12.825,13.32,12.78,89370,0.0,4.12,-2.17,-0.285,0.38
20120904,12.83,13.41,13.45,12.825,70021,0.0,4.87,4.56,0.585,0.3
20120905,13.325,13.23,13.38,12.995,72463,0.0,2.87,-1.34,-0.18,0.31
20120906,13.375,13.45,13.685,13.28,86184,0.0,3.06,1.66,0.22,0.37
20120907,13.57,13.47,13.645,13.375,73530,0.0,2.01,0.15,0.02,0.31
20120910,13.4,13.405,13.58,13.39,67421,0.0,1.41,-0.48,-0.065,0.29
20120911,13.45,13.16,13.505,13.025,60524,0.0,3.58,-1.83,-0.245,0.26
20120912,13.29,13.115,13.39,12.88,71152,0.0,3.88,-0.34,-0.045,0.3
20120913,13.09,13.215,13.29,12.835,125229,0.0,3.47,0.76,0.1,0.53
20120914,13.32,12.88,13.38,12.825,76591,0.0,4.2,-2.53,-0.335,0.33
20120917,12.84,12.765,13.135,12.555,87234,0.0,4.5,-0.89,-0.115,0.37
20120918,12.875,13.1,13.13,12.795,145942,0.0,2.62,2.62,0.335,0.62
20120919,13.1,13.325,13.44,13.1,115928,0.0,2.6,1.72,0.225,0.49
20120920,13.235,13.325,13.42,12.975,136495,0.0,3.34,0.0,0.0,0.58
20120921,13.19,13.405,13.735,13.105,281953,0.0,4.73,0.6,0.08,1.2
20120924,13.27,13.45,13.495,13.15,134680,0.0,2.57,0.34,0.045,0.59
20120925,13.525,13.395,13.58,13.31,97444,0.0,2.01,-0.41,-0.055,0.42
20120926,13.39,13.28,13.495,13.06,64078,0.0,3.25,-0.86,-0.115,0.28
20120927,13.31,13.97,14.415,13.28,146835,0.0,8.55,5.2,0.69,0.64
20120928,13.795,13.785,14.05,13.54,76092,0.0,3.65,-1.32,-0.185,0.33
20121001,13.81,13.925,13.96,13.735,95587,0.0,1.63,1.02,0.14,0.42
20121002,14.075,13.89,14.09,13.865,83263,0.0,1.62,-0.25,-0.035,0.36
20121003,13.835,13.465,13.85,13.455,86016,0.0,2.84,-3.06,-0.425,0.37
20121004,13.555,13.355,13.555,13.145,91420,0.0,3.04,-0.82,-0.11,0.4
20121005,13.475,13.43,13.715,13.235,85699,0.0,3.59,0.56,0.075,0.37
20121008,13.36,13.205,13.535,13.205,32484,0.0,2.46,-1.68,-0.225,0.14
20121009,13.195,12.345,13.455,12.315,108591,0.0,8.63,-6.51,-0.86,0.47
20121010,12.48,12.805,13.025,12.375,158006,0.0,5.27,3.73,0.46,0.69
20121011,13.01,12.94,13.03,12.805,42983,0.0,1.76,1.05,0.135,0.19
20121012,12.89,13.06,13.14,12.835,75839,0.0,2.36,0.93,0.12,0.33
20121015,13.085,13.33,13.49,13.025,54601,0.0,3.56,2.07,0.27,0.24
20121016,13.51,13.725,13.835,13.51,105317,0.0,2.44,2.96,0.395,0.46
20121017,13.705,14.08,14.17,13.64,170429,0.0,3.86,2.59,0.355,0.74
20121018,13.98,13.98,14.035,13.885,64516,0.0,1.07,-0.71,-0.1,0.28
20121019,13.69,13.63,13.75,13.545,97716,0.0,1.47,-2.5,-0.35,0.42
20121022,13.66,13.635,13.79,13.575,72057,0.0,1.58,0.04,0.005,0.31
20121023,13.485,13.865,14.02,13.305,62969,0.0,5.24,1.69,0.23,0.27
20121024,14.03,13.305,14.03,13.275,75468,0.0,5.45,-4.04,-0.56,0.33
20121025,13.525,13.26,13.72,13.2,86050,0.0,3.91,-0.34,-0.045,0.37
20121026,13.36,13.515,13.705,13.36,57344,0.0,2.6,1.92,0.255,0.25
20121031,13.555,13.74,13.88,13.215,122516,0.0,4.92,1.66,0.225,0.53
20121101,13.625,12.1,13.725,11.26,417118,0.0,17.94,-11.94,-1.64,1.8
20121102,12.39,12.215,12.9,12.115,253068,0.0,6.49,0.95,0.115,1.09
20121105,12.275,12.975,13.01,12.115,116104,0.0,7.33,6.22,0.76,0.5
20121106,12.97,13.03,13.155,12.87,76461,0.0,2.2,0.42,0.055,0.33
20121107,12.79,12.925,13.155,12.63,128438,0.0,4.03,-0.81,-0.105,0.56
20121108,12.705,11.945,12.83,11.915,100690,0.0,7.08,-7.58,-0.98,0.44
20121109,11.82,11.89,12.135,11.385,139658,0.0,6.28,-0.46,-0.055,0.6
20121112,11.82,11.8,12.21,11.695,76251,0.0,4.33,-0.76,-0.09,0.33
20121113,11.615,11.425,11.945,10.44,225179,0.0,12.75,-3.18,-0.375,0.97
20121114,11.415,10.675,11.765,10.575,163978,0.0,10.42,-6.56,-0.75,0.71
20121115,10.56,10.61,11.045,10.35,129190,0.0,6.51,-0.61,-0.065,0.56
20121116,10.54,10.605,11.08,10.29,99566,0.0,7.45,-0.05,-0.005,0.43
20121119,10.8,11.375,11.45,10.74,163722,0.0,6.69,7.26,0.77,0.71
20121120,11.27,11.84,11.855,11.215,122607,0.0,5.63,4.09,0.465,0.53
20121121,11.895,12.48,12.56,11.895,149345,0.0,5.62,5.41,0.64,0.65
20121123,12.56,12.75,12.845,12.5,108166,0.0,2.76,2.16,0.27,0.47
20121126,12.63,12.565,12.745,12.385,146844,0.0,2.82,-1.45,-0.185,0.63
20121127,12.48,12.795,13.11,12.405,205172,0.0,5.61,1.83,0.23,0.89
20121128,12.785,13.23,13.39,12.41,238909,0.0,7.66,3.4,0.435,1.03
20121129,13.325,13.52,13.725,12.89,161706,0.0,6.31,2.19,0.29,0.7
20121130,13.57,13.545,13.64,13.165,212785,0.0,3.51,0.18,0.025,0.92
20121203,13.68,13.63,13.69,13.31,118627,0.0,2.81,0.63,0.085,0.51
20121204,13.57,13.48,13.665,13.4,202777,0.0,1.94,-1.1,-0.15,0.88
20121205,13.45,13.525,13.695,13.275,92400,0.0,3.12,0.33,0.045,0.4
20121206,13.445,13.375,13.76,13.16,151831,0.0,4.44,-1.11,-0.15,0.66
20121207,13.425,13.445,13.615,13.195,123779,0.0,3.14,0.52,0.07,0.54
20121210,13.475,13.285,13.605,13.11,121059,0.0,3.68,-1.19,-0.16,0.52
20121211,13.475,13.225,13.61,13.105,198239,0.0,3.8,-0.45,-0.06,0.86
20121212,13.335,13.22,13.64,12.96,189784,0.0,5.14,-0.04,-0.005,0.82
20121213,13.165,13.51,13.66,13.165,130662,0.0,3.74,2.19,0.29,0.56
20121214,13.445,13.495,13.725,13.3,132418,0.0,3.15,-0.11,-0.015,0.57
20121217,13.515,13.685,13.89,13.515,78495,0.0,2.78,1.41,0.19,0.34
20121218,13.655,13.765,13.925,13.655,79201,0.0,1.97,0.58,0.08,0.34
20121219,13.83,13.96,14.08,13.7,100929,0.0,2.76,1.42,0.195,0.44
20121220,13.95,13.98,14.11,13.83,77636,0.0,2.01,0.14,0.02,0.34
20121221,13.8,13.91,14.1,13.75,193022,0.0,2.5,-0.5,-0.07,0.83
20121224,13.96,14.02,14.05,13.67,30982,0.0,2.73,0.79,0.11,0.13
20121226,13.99,13.68,14.025,13.58,74651,0.0,3.17,-2.43,-0.34,0.32
20121227,13.72,13.71,13.84,13.545,51320,0.0,2.16,0.22,0.03,0.22
20121228,13.605,13.525,13.82,13.525,64216,0.0,2.15,-1.35,-0.185,0.28
20121231,13.545,14.545,14.675,13.545,174673,0.0,8.35,7.54,1.02,0.79
20130102,15.085,14.87,15.215,14.485,156282,0.0,5.02,2.23,0.325,0.7
20130103,14.885,15.41,15.425,14.535,131285,0.0,5.99,3.63,0.54,0.59
20130104,15.4,14.885,15.41,14.835,89828,0.0,3.73,-3.41,-0.525,0.4
20130107,14.68,14.755,14.88,14.61,58998,0.0,1.81,-0.87,-0.13,0.27
20130108,14.82,14.475,14.82,14.3,105583,0.0,3.52,-1.9,-0.28,0.47
20130109,14.61,14.86,14.93,14.44,76717,0.0,3.39,2.66,0.385,0.34
20130110,14.925,14.745,15.055,14.495,116405,0.0,3.77,-0.77,-0.115,0.52
20130111,14.785,14.59,14.785,14.41,85618,0.0,2.54,-1.05,-0.155,0.38
20130114,14.55,14.545,14.73,14.42,62414,0.0,2.12,-0.31,-0.045,0.28
20130115,14.35,14.71,14.74,14.35,36985,0.0,2.68,1.13,0.165,0.17
20130116,14.575,14.61,14.695,14.385,78442,0.0,2.11,-0.68,-0.1,0.35
20130117,14.72,14.735,14.885,14.46,49441,0.0,2.91,0.86,0.125,0.22
20130118,14.68,14.815,14.825,14.425,142712,0.0,2.71,0.54,0.08,0.64
20130122,14.73,15.185,15.29,14.695,61652,0.0,4.02,2.5,0.37,0.28
20130123,15.2,15.065,15.2,14.89,54484,0.0,2.04,-0.79,-0.12,0.24
20130124,15.025,15.3,15.38,14.92,68304,0.0,3.05,1.56,0.235,0.31
20130125,15.405,15.315,15.45,15.105,55452,0.0,2.25,0.1,0.015,0.25
20130128,15.39,15.33,15.55,15.24,53700,0.0,2.02,0.1,0.015,0.24
20130129,15.255,15.235,15.515,15.075,105718,0.0,2.87,-0.62,-0.095,0.48
20130130,15.215,15.09,15.37,14.755,97788,0.0,4.04,-0.95,-0.145,0.44
20130131,15.135,15.13,15.44,14.235,89276,0.0,7.99,0.27,0.04,0.4
20130201,15.275,15.315,15.48,15.085,87670,0.0,2.61,1.22,0.185,0.39
20130204,15.155,15.08,15.38,15.02,64345,0.0,2.35,-1.53,-0.235,0.29
20130205,15.085,15.15,15.325,14.975,74168,0.0,2.32,0.46,0.07,0.33
20130206,15.035,15.265,15.37,14.71,35471,0.0,4.36,0.76,0.115,0.16
20130207,15.205,15.045,15.35,14.84,155327,0.0,3.34,-1.44,-0.22,0.7
20130208,15.025,15.355,15.525,15.02,76443,0.0,3.36,2.06,0.31,0.34
20130211,15.3,15.275,15.31,15.08,63077,0.0,1.5,-0.52,-0.08,0.28
20130212,15.215,15.17,15.47,15.14,92115,0.0,2.16,-0.69,-0.105,0.41
20130213,15.18,14.84,15.405,14.7,77792,0.0,4.65,-2.18,-0.33,0.35
20130214,14.755,14.065,14.95,14.03,205837,0.0,6.2,-5.22,-0.775,0.93
20130215,14.23,14.65,14.935,14.23,142090,0.0,5.01,4.16,0.585,0.64
20130219,14.615,15.08,15.105,14.535,120011,0.0,3.89,2.94,0.43,0.54
20130220,15.055,14.745,15.22,14.74,129417,0.0,3.18,-2.22,-0.335,0.58
20130221,14.68,15.1,15.29,14.68,78872,0.0,4.14,2.41,0.355,0.35
20130222,15.22,15.365,15.445,15.01,71299,0.0,2.88,1.75,0.265,0.32
20130225,15.11,15.085,15.505,15.065,174054,0.0,2.86,-1.82,-0.28,0.77
20130226,15.105,15.405,15.74,15.1,271734,0.0,4.24,2.12,0.32,1.21
20130227,13.215,12.815,14.33,12.02,899143,0.0,15.0,-16.81,-2.59,4.0
20130228,12.87,13.085,13.12,12.74,352400,0.0,2.97,2.11,0.27,1.57
20130301,12.92,13.54,13.67,12.715,331868,0.0,7.3,3.48,0.455,1.48
20130304,13.715,14.84,15.075,13.655,465863,0.0,10.49,9.6,1.3,2.07
20130305,15.06,16.32,16.445,14.825,426113,0.0,10.92,9.97,1.48,1.9
20130306,16.215,16.675,16.815,16.215,308214,0.0,3.68,2.18,0.355,1.37
20130307,16.635,16.86,17.09,16.635,235687,0.0,2.73,1.11,0.185,1.05
20130308,16.98,16.93,17.34,16.845,245160,0.0,2.94,0.42,0.07,1.09
20130311,16.955,16.91,17.235,16.855,148836,0.0,2.24,-0.12,-0.02,0.66
20130312,16.955,16.93,17.11,16.765,170964,0.0,2.04,0.12,0.02,0.76
20130313,16.965,17.51,17.76,16.82,202694,0.0,5.55,3.43,0.58,0.9
20130314,17.49,17.57,17.71,17.36,140267,0.0,2.0,0.34,0.06,0.62
20130315,17.62,17.34,17.62,17.23,246044,0.0,2.22,-1.31,-0.23,1.1
20130318,17.065,17.4,17.615,17.065,91421,0.0,3.17,0.35,0.06,0.41
20130319,17.47,17.585,17.77,17.32,93172,0.0,2.59,1.06,0.185,0.41
20130320,17.69,18.115,18.215,17.625,96370,0.0,3.36,3.01,0.53,0.43
20130321,17.88,17.625,18.235,17.53,140446,0.0,3.89,-2.7,-0.49,0.63
20130322,17.765,18.165,18.23,17.765,136501,0.0,2.64,3.06,0.54,0.61
20130325,18.165,17.725,18.205,17.575,117486,0.0,3.47,-2.42,-0.44,0.52
20130326,17.855,18.19,18.24,17.7,145975,0.0,3.05,2.62,0.465,0.65
20130327,17.985,17.585,17.985,17.5,189039,0.0,2.67,-3.33,-0.605,0.84
20130328,17.68,17.985,18.23,17.655,238492,0.0,3.27,2.27,0.4,1.06
20130401,17.92,17.865,18.23,17.6,155686,0.0,3.5,-0.67,-0.12,0.71
20130402,18.05,17.785,18.285,17.535,135046,0.0,4.2,-0.45,-0.08,0.62
20130403,17.895,17.56,18.035,17.545,91330,0.0,2.76,-1.27,-0.225,0.42
20130404,17.66,17.96,17.98,17.645,106055,0.0,1.91,2.28,0.4,0.49
20130405,17.53,17.85,17.89,17.53,47904,0.0,2.0,-0.61,-0.11,0.22
20130408,17.84,17.88,18.025,17.685,59631,0.0,1.9,0.17,0.03,0.27
20130409,17.86,17.5,17.895,17.41,79120,0.0,2.71,-2.13,-0.38,0.36
20130410,17.56,17.955,18.175,17.5,113599,0.0,3.86,2.6,0.455,0.52
20130411,17.835,17.815,18.225,17.705,60323,0.0,2.9,-0.78,-0.14,0.28
20130412,17.725,17.895,18.005,17.67,73666,0.0,1.88,0.45,0.08,0.34
20130415,17.835,17.035,18.05,17.0,132957,0.0,5.87,-4.81,-0.86,0.61
20130416,17.205,17.365,17.4,17.025,129849,0.0,2.2,1.94,0.33,0.6
20130417,17.235,17.27,17.395,16.58,193160,0.0,4.69,-0.55,-0.095,0.89
20130418,17.395,17.68,17.75,16.76,168307,0.0,5.73,2.37,0.41,0.77
20130419,17.69,17.97,18.255,17.64,72435,0.0,3.48,1.64,0.29,0.33
20130422,18.08,17.765,18.08,17.415,55157,0.0,3.7,-1.14,-0.205,0.25
20130423,17.95,17.905,18.08,17.63,134928,0.0,2.53,0.79,0.14,0.62
20130424,17.835,17.855,18.045,17.745,108777,0.0,1.68,-0.28,-0.05,0.5
20130425,17.975,18.16,18.285,17.865,132184,0.0,2.35,1.71,0.305,0.61
20130426,18.165,18.08,18.205,17.935,140842,0.0,1.49,-0.44,-0.08,0.65
20130429,18.175,18.475,18.655,18.08,348579,0.0,3.18,2.18,0.395,1.6
20130430,18.515,18.58,18.815,18.515,270271,0.0,1.62,0.57,0.105,1.24
20130501,18.69,18.585,18.77,18.535,230431,0.0,1.26,0.03,0.005,1.06
20130502,18.785,19.25,19.325,18.72,165303,0.0,3.26,3.58,0.665,0.76
20130503,19.545,19.585,20.01,19.485,173008,0.0,2.73,1.74,0.335,0.79
20130506,19.575,19.525,19.82,19.305,136414,0.0,2.63,-0.31,-0.06,0.63
20130507,19.635,19.995,20.06,19.52,175348,0.0,2.77,2.41,0.47,0.8
20130508,19.885,20.16,20.505,19.17,248725,0.0,6.68,0.83,0.165,1.14
20130509,19.935,19.85,20.125,19.59,111130,0.0,2.65,-1.54,-0.31,0.51
20130510,19.79,19.925,20.155,19.745,53772,0.0,2.07,0.38,0.075,0.25
20130513,19.865,19.715,20.04,19.38,85579,0.0,3.31,-1.05,-0.21,0.39
20130514,19.66,20.065,20.12,19.66,124284,0.0,2.33,1.78,0.35,0.57
20130515,19.945,20.065,20.39,19.77,93918,0.0,3.09,0.0,0.0,0.43
20130516,20.085,19.66,20.085,19.56,108964,0.0,2.62,-2.02,-0.405,0.5
20130517,19.825,19.935,19.965,19.585,138705,0.0,1.93,1.4,0.275,0.64
20130520,19.935,19.555,19.935,19.305,61801,0.0,3.16,-1.91,-0.38,0.28
20130521,19.555,19.48,19.625,19.415,80448,0.0,1.07,-0.38,-0.075,0.37
20130522,19.41,18.71,19.705,18.615,282746,0.0,5.6,-3.95,-0.77,1.3
20130523,18.67,18.695,18.825,18.26,219276,0.0,3.02,-0.08,-0.015,1.01
20130524,18.63,19.12,19.185,18.525,153860,0.0,3.53,2.27,0.425,0.71
20130528,19.53,19.745,20.02,19.22,222220,0.0,4.18,3.27,0.625,1.02
20130529,19.5,19.49,19.845,19.065,122784,0.0,3.95,-1.29,-0.255,0.56
20130530,19.52,19.51,19.675,19.34,87485,0.0,1.72,0.1,0.02,0.4
20130531,19.41,19.295,19.61,19.23,111476,0.0,1.95,-1.1,-0.215,0.51
20130603,19.29,19.515,19.64,19.07,123729,0.0,2.95,1.14,0.22,0.57
20130604,19.335,19.38,19.635,18.955,168750,0.0,3.48,-0.69,-0.135,0.77
20130605,19.275,19.16,19.59,18.87,160525,0.0,3.72,-1.14,-0.22,0.74
20130606,19.23,19.73,19.735,18.975,160122,0.0,3.97,2.97,0.57,0.73
20130607,19.645,20.23,20.35,19.6,119293,0.0,3.8,2.53,0.5,0.55
20130610,20.36,20.625,20.685,20.085,141698,0.0,2.97,1.95,0.395,0.65
20130611,20.21,20.195,20.455,19.675,154614,0.0,3.78,-2.08,-0.43,0.71
20130612,20.225,20.08,20.53,20.035,150797,0.0,2.45,-0.57,-0.115,0.69
20130613,19.99,20.345,20.445,19.905,68281,0.0,2.69,1.32,0.265,0.31
20130614,20.38,20.08,20.38,19.97,62343,0.0,2.02,-1.3,-0.265,0.29
20130617,20.205,19.905,20.215,19.65,97715,0.0,2.81,-0.87,-0.175,0.45
20130618,19.98,20.305,20.47,19.68,70035,0.0,3.97,2.01,0.4,0.32
20130619,20.355,19.965,20.52,19.955,101767,0.0,2.78,-1.67,-0.34,0.47
20130620,19.73,18.925,19.79,18.915,103434,0.0,4.38,-5.21,-1.04,0.47
20130621,19.055,19.16,19.255,18.63,280298,0.0,3.3,1.24,0.235,1.29
20130624,18.855,18.895,19.15,18.765,151406,0.0,2.01,-1.38,-0.265,0.69
20130625,18.98,19.15,19.355,18.58,92052,0.0,4.1,1.35,0.255,0.42
20130626,19.395,19.545,19.695,19.345,63525,0.0,1.83,2.06,0.395,0.29
20130627,19.765,19.815,20.06,19.625,89804,0.0,2.23,1.38,0.27,0.41
20130628,19.705,19.765,20.05,19.44,177236,0.0,3.08,-0.25,-0.05,0.81
20130701,19.93,20.49,20.7,19.93,92360,0.0,3.9,3.67,0.725,0.43
20130702,20.56,20.355,20.68,20.08,60861,0.0,2.93,-0.66,-0.135,0.28
20130703,20.33,20.5,20.645,20.25,17136,0.0,1.94,0.71,0.145,0.08
20130705,21.0,21.14,21.245,20.645,50662,0.0,2.93,3.12,0.64,0.24
20130708,21.175,21.275,21.765,21.175,98091,0.0,2.79,0.64,0.135,0.46
20130709,21.505,21.44,21.505,21.0,161750,0.0,2.37,0.78,0.165,0.75
20130710,21.475,21.4,21.595,21.255,106477,0.0,1.59,-0.19,-0.04,0.49
20130711,21.67,21.385,21.84,21.335,71362,0.0,2.36,-0.07,-0.015,0.33
20130712,21.25,21.595,21.785,21.145,51369,0.0,2.99,0.98,0.21,0.24
20130715,21.715,21.885,21.995,21.455,107428,0.0,2.5,1.34,0.29,0.5
20130716,21.825,21.65,21.95,21.525,78118,0.0,1.94,-1.07,-0.235,0.36
20130717,21.68,21.425,21.94,21.36,75437,0.0,2.68,-1.04,-0.225,0.35
20130718,21.445,21.91,21.955,21.32,33699,0.0,2.96,2.26,0.485,0.16
20130719,21.94,21.71,22.065,21.66,44430,0.0,1.85,-0.91,-0.2,0.21
20130722,21.505,21.39,21.845,21.33,122165,0.0,2.37,-1.47,-0.32,0.57
20130723,21.42,21.075,21.585,20.98,61748,0.0,2.83,-1.47,-0.315,0.29
20130724,21.115,20.645,21.405,20.57,55271,0.0,3.96,-2.04,-0.43,0.26
20130725,20.445,20.84,20.89,20.32,45369,0.0,2.76,0.94,0.195,0.21
20130726,20.575,20.855,21.085,20.575,47319,0.0,2.45,0.07,0.015,0.22
20130729,20.705,20.755,20.89,20.365,65933,0.0,2.52,-0.48,-0.1,0.31
20130730,20.8,20.42,21.255,20.165,98950,0.0,5.25,-1.61,-0.335,0.46
20130731,20.4,20.51,20.785,20.355,56179,0.0,2.11,0.44,0.09,0.26
20130801,19.88,20.77,20.935,19.855,111079,0.0,5.27,1.27,0.26,0.51
20130802,20.75,20.405,20.75,20.18,85576,0.0,2.74,-1.76,-0.365,0.39
20130805,20.555,20.605,20.68,20.51,61151,0.0,0.83,0.98,0.2,0.28
20130806,20.435,20.075,20.555,20.065,80729,0.0,2.38,-2.57,-0.53,0.37
20130807,21.575,21.87,21.91,20.595,180979,0.0,6.55,8.94,1.795,0.83
20130808,22.03,22.33,22.53,21.88,105986,0.0,2.97,2.1,0.46,0.49
20130809,22.19,22.435,22.715,22.155,87954,0.0,2.51,0.47,0.105,0.4
20130812,22.315,22.225,22.625,22.105,28369,0.0,2.32,-0.94,-0.21,0.13
20130813,22.145,22.27,22.37,21.88,36374,0.0,2.2,0.2,0.045,0.17
20130814,22.18,21.76,22.295,21.695,66202,0.0,2.69,-2.29,-0.51,0.3
20130815,21.41,21.43,21.81,21.34,50734,0.0,2.16,-1.52,-0.33,0.23
20130816,21.375,21.875,22.125,21.33,71257,0.0,3.71,2.08,0.445,0.33
20130819,21.87,21.78,22.13,21.76,46971,0.0,1.69,-0.43,-0.095,0.22
20130820,21.845,22.27,22.5,21.7,41749,0.0,3.67,2.25,0.49,0.19
20130821,22.27,21.815,22.49,21.64,70901,0.0,3.82,-2.04,-0.455,0.33
20130822,21.875,22.695,22.81,21.875,61059,0.0,4.29,4.03,0.88,0.28
20130823,22.67,22.805,22.94,22.335,94186,0.0,2.67,0.48,0.11,0.43
20130826,22.765,22.31,22.88,22.24,39300,0.0,2.81,-2.17,-0.495,0.18
20130827,22.01,21.695,22.475,21.62,49801,0.0,3.83,-2.76,-0.615,0.23
20130828,21.65,21.59,22.07,21.33,39046,0.0,3.41,-0.48,-0.105,0.18
20130829,21.5,21.895,22.125,21.385,47048,0.0,3.43,1.41,0.305,0.22
20130830,21.79,21.145,21.94,20.94,44946,0.0,4.57,-3.43,-0.75,0.21
20130903,21.47,21.235,21.815,20.98,39771,0.0,3.95,0.43,0.09,0.18
20130904,21.315,21.46,21.65,21.205,41896,0.0,2.1,1.06,0.225,0.19
20130905,21.465,21.29,21.64,21.05,48067,0.0,2.75,-0.79,-0.17,0.22
20130906,21.39,20.945,21.62,20.475,41167,0.0,5.38,-1.62,-0.345,0.19
20130909,20.955,21.355,21.41,20.58,42138,0.0,3.96,1.96,0.41,0.19
20130910,21.495,21.65,21.685,21.225,46747,0.0,2.15,1.38,0.295,0.22
20130911,21.515,21.49,21.7,21.335,63726,0.0,1.69,-0.74,-0.16,0.29
20130912,21.69,21.615,21.78,21.26,42642,0.0,2.42,0.58,0.125,0.2
20130913,21.615,22.275,22.28,21.615,58969,0.0,3.08,3.05,0.66,0.27
20130916,22.515,22.375,22.645,22.115,71888,0.0,2.38,0.45,0.1,0.33
20130917,22.375,22.695,22.705,21.98,51983,0.0,3.24,1.43,0.32,0.24
20130918,22.465,22.995,23.065,22.255,57977,0.0,3.57,1.32,0.3,0.27
20130919,22.96,22.72,23.2,22.6,37928,0.0,2.61,-1.2,-0.275,0.17
20130920,22.895,23.06,23.275,22.805,126971,0.0,2.07,1.5,0.34,0.58
20130923,23.225,22.98,23.305,22.705,40566,0.0,2.6,-0.35,-0.08,0.19
20130924,23.13,23.145,23.4,23.015,39932,0.0,1.68,0.72,0.165,0.18
20130925,23.205,22.59,23.205,22.53,40241,0.0,2.92,-2.4,-0.555,0.19
20130926,22.75,22.57,22.975,22.33,51729,0.0,2.86,-0.09,-0.02,0.24
20130927,22.38,22.495,22.77,22.205,42589,0.0,2.5,-0.33,-0.075,0.2
20130930,22.255,22.145,22.325,22.05,126193,0.0,1.22,-1.56,-0.35,0.59
20131001,21.98,22.875,22.98,21.98,126778,0.0,4.52,3.3,0.73,0.59
20131002,22.75,22.76,22.94,22.52,87074,0.0,1.84,-0.5,-0.115,0.41
20131003,22.705,22.105,22.735,22.04,65689,0.0,3.05,-2.88,-0.655,0.31
20131004,22.175,22.195,22.425,21.965,57357,0.0,2.08,0.41,0.09,0.27
20131007,22.005,21.94,22.29,21.84,98948,0.0,2.03,-1.15,-0.255,0.46
20131008,22.05,21.62,22.225,21.455,51844,0.0,3.51,-1.46,-0.32,0.24
20131009,21.62,21.205,21.775,21.085,88306,0.0,3.19,-1.92,-0.415,0.41
20131010,21.675,22.41,22.47,21.195,95870,0.0,6.01,5.68,1.205,0.45
20131011,22.42,22.89,23.07,22.13,53462,0.0,4.19,2.14,0.48,0.25
20131014,22.665,23.225,23.27,22.645,99518,0.0,2.73,1.46,0.335,0.46
20131015,23.105,22.7,23.315,22.55,90323,0.0,3.29,-2.26,-0.525,0.42
20131016,22.82,22.855,23.215,22.735,75405,0.0,2.11,0.68,0.155,0.35
20131017,22.705,22.84,23.165,22.705,85797,0.0,2.01,-0.07,-0.015,0.4
20131018,22.93,22.97,23.15,22.705,144108,0.0,1.95,0.57,0.13,0.67
20131021,23.025,23.22,23.245,22.975,78147,0.0,1.18,1.09,0.25,0.36
20131022,23.405,23.555,23.74,23.385,61437,0.0,1.53,1.44,0.335,0.29
20131023,23.955,24.39,24.81,23.845,151634,0.0,4.1,3.54,0.835,0.71
20131024,24.675,25.025,25.19,24.62,108470,0.0,2.34,2.6,0.635,0.51
20131025,25.165,24.865,25.385,24.695,150772,0.0,2.76,-0.64,-0.16,0.7
20131028,24.995,25.17,25.365,24.955,106320,0.0,1.65,1.23,0.305,0.49
20131029,25.32,25.695,25.855,25.295,51283,0.0,2.22,2.09,0.525,0.24
20131030,25.82,25.29,26.05,25.21,65124,0.0,3.27,-1.58,-0.405,0.3
20131031,25.44,25.04,25.615,24.96,69957,0.0,2.59,-0.99,-0.25,0.32
20131101,25.11,24.73,25.395,24.49,68482,0.0,3.61,-1.24,-0.31,0.32
20131104,24.955,25.49,25.64,24.665,86430,0.0,3.94,3.07,0.76,0.4
20131105,25.45,26.08,26.2,25.205,102476,0.0,3.9,2.31,0.59,0.48
20131106,26.22,25.795,26.585,25.5,151876,0.0,4.16,-1.09,-0.285,0.7
20131107,26.07,25.31,26.085,25.04,102404,0.0,4.05,-1.88,-0.485,0.48
20131108,25.345,25.85,26.01,25.345,103732,0.0,2.63,2.13,0.54,0.48
20131111,25.905,25.76,26.015,25.58,127353,0.0,1.68,-0.35,-0.09,0.59
20131112,25.68,25.935,26.14,25.57,108152,0.0,2.21,0.68,0.175,0.5
20131113,25.8,26.58,26.8,25.78,92440,0.0,3.93,2.49,0.645,0.43
20131114,26.7,26.55,26.8,26.43,48529,0.0,1.39,-0.11,-0.03,0.23
20131115,26.525,26.43,26.745,26.24,193756,0.0,1.9,-0.45,-0.12,0.9
20131118,26.595,27.6,27.74,26.595,387157,0.0,4.33,4.43,1.17,1.8
20131119,27.73,28.225,28.48,27.31,146028,0.0,4.24,2.26,0.625,0.68
20131120,28.17,28.49,28.74,28.17,108940,0.0,2.02,0.94,0.265,0.51
20131121,28.705,30.0,30.14,28.705,128483,0.0,5.04,5.3,1.51,0.6
20131122,29.99,30.36,30.605,29.495,122251,0.0,3.7,1.2,0.36,0.57
20131125,30.665,30.11,30.715,30.075,119901,0.0,2.11,-0.82,-0.25,0.56
20131126,30.275,30.0,30.59,29.785,146581,0.0,2.67,-0.37,-0.11,0.68
20131127,30.115,30.035,30.265,29.85,80139,0.0,1.38,0.12,0.035,0.37
20131129,30.315,29.765,30.46,29.755,90886,0.0,2.35,-0.9,-0.27,0.42
20131202,30.04,30.1,30.445,29.545,170192,0.0,3.02,1.13,0.335,0.79
20131203,29.93,30.15,30.325,29.695,165468,0.0,2.09,0.17,0.05,0.77
20131204,29.92,30.05,30.475,29.715,120897,0.0,2.52,-0.33,-0.1,0.56
20131205,30.075,30.035,30.29,29.235,167343,0.0,3.51,-0.05,-0.015,0.78
20131206,30.815,31.155,31.265,30.525,171074,0.0,2.46,3.73,1.12,0.79
20131209,31.22,31.215,31.495,31.02,231154,0.0,1.52,0.19,0.06,1.07
20131210,30.725,31.15,31.355,30.72,248503,0.0,2.03,-0.21,-0.065,1.15
20131211,31.28,30.48,31.4,30.255,156989,0.0,3.68,-2.15,-0.67,0.73
20131212,30.47,30.39,30.65,30.08,129091,0.0,1.87,-0.3,-0.09,0.6
20131213,30.63,30.41,30.825,30.32,137694,0.0,1.66,0.07,0.02,0.64
20131216,30.46,30.625,30.905,30.41,109649,0.0,1.63,0.71,0.215,0.51
20131217,30.545,30.68,31.005,30.27,66195,0.0,2.4,0.18,0.055,0.31
20131218,30.635,31.1,31.13,30.385,166896,0.0,2.43,1.37,0.42,0.77
20131219,30.92,31.13,31.235,30.835,120451,0.0,1.29,0.1,0.03,0.56
20131220,31.185,31.56,31.645,30.905,220836,0.0,2.38,1.38,0.43,1.03
20131223,31.495,32.075,32.13,31.43,117027,0.0,2.22,1.63,0.515,0.54
20131224,32.025,32.065,32.345,31.895,43782,0.0,1.4,-0.03,-0.01,0.2
20131226,32.215,32.79,32.97,31.945,121186,0.0,3.2,2.26,0.725,0.56
20131227,32.96,32.305,33.445,32.145,116640,0.0,3.96,-1.48,-0.485,0.54
20131230,32.42,33.33,33.51,32.28,216345,0.0,3.81,3.17,1.025,0.52
20131231,33.45,32.73,33.82,32.55,210390,0.0,3.81,-1.8,-0.6,0.5
20140102,33.84,32.65,34.23,32.57,460590,0.0,5.07,-0.24,-0.08,1.11
20140103,32.96,33.41,33.77,32.65,381515,0.0,3.43,2.33,0.76,0.92
20140106,33.36,32.86,33.8,32.81,300401,0.0,2.96,-1.65,-0.55,0.72
20140107,32.93,32.84,33.55,32.73,260322,0.0,2.5,-0.06,-0.02,0.62
20140108,32.75,33.01,33.04,32.56,393775,0.0,1.46,0.52,0.17,0.95
20140109,33.3,33.47,33.55,32.78,307834,0.0,2.33,1.39,0.46,0.74
20140110,33.58,33.99,34.0,33.11,298708,0.0,2.66,1.55,0.52,0.72
20140113,33.83,33.9,34.63,33.63,357297,0.0,2.94,-0.26,-0.09,0.86
20140114,33.9,34.37,34.41,33.9,240171,0.0,1.5,1.39,0.47,0.58
20140115,34.44,34.78,34.86,34.34,395033,0.0,1.51,1.19,0.41,0.95
20140116,34.86,34.72,35.14,34.46,269267,0.0,1.96,-0.17,-0.06,0.65
20140117,34.62,34.81,34.97,34.48,226746,0.0,1.41,0.26,0.09,0.54
20140121,34.97,35.38,35.46,34.85,226825,0.0,1.75,1.64,0.57,0.54
20140122,35.61,35.89,36.19,35.57,307810,0.0,1.75,1.44,0.51,0.74
20140123,36.66,35.9,36.66,35.62,428584,0.0,2.9,0.03,0.01,1.03
20140124,35.66,34.64,36.07,34.51,519832,0.0,4.35,-3.51,-1.26,1.25
20140127,35.04,33.61,35.04,33.34,506772,0.0,4.91,-2.97,-1.03,1.22
20140128,33.76,34.22,34.39,33.72,334995,0.0,1.99,1.81,0.61,0.8
20140129,33.91,35.25,35.35,33.83,405493,0.0,4.44,3.01,1.03,0.97
20140130,35.83,35.49,35.84,34.79,263404,0.0,2.98,0.68,0.24,0.63
20140131,34.64,35.46,35.87,34.33,228831,0.0,4.34,-0.08,-0.03,0.55
20140203,35.53,33.75,35.82,33.24,309749,0.0,7.28,-4.82,-1.71,0.74
20140204,34.14,34.23,34.56,33.14,209165,0.0,4.21,1.42,0.48,0.5
20140205,34.07,33.55,34.28,32.9,283633,0.0,4.03,-1.99,-0.68,0.68
20140206,33.845,33.995,34.505,33.845,247617,0.0,1.97,1.33,0.445,0.59
20140207,33.715,34.815,34.955,33.715,253042,0.0,3.65,2.41,0.82,0.61
20140210,34.655,34.865,34.985,34.185,196590,0.0,2.3,0.14,0.05,0.47
20140211,35.115,35.255,35.605,34.725,178567,0.0,2.52,1.12,0.39,0.43
20140212,35.145,35.155,35.495,34.715,231041,0.0,2.21,-0.28,-0.1,0.55
20140213,34.765,35.765,35.845,34.765,265071,0.0,3.07,1.74,0.61,0.64
20140214,35.685,35.765,36.025,35.455,212972,0.0,1.59,0.0,0.0,0.51
20140218,35.755,35.865,36.125,35.515,193669,0.0,1.71,0.28,0.1,0.46
20140219,35.535,35.225,36.155,35.155,311805,0.0,2.79,-1.78,-0.64,0.74
20140220,34.765,35.205,35.665,34.765,301143,0.0,2.56,-0.06,-0.02,0.72
20140221,35.125,35.115,35.615,35.045,210458,0.0,1.62,-0.26,-0.09,0.5
20140224,34.935,35.435,35.685,34.875,392812,0.0,2.31,0.91,0.32,0.94
20140225,35.695,36.045,36.385,35.585,519631,0.0,2.26,1.72,0.61,1.24
20140226,35.975,38.895,39.805,35.975,570989,0.0,10.63,7.91,2.85,1.36
20140227,37.885,38.045,38.765,36.835,559240,0.0,4.96,-2.19,-0.85,1.34
20140228,38.135,38.355,39.185,37.915,348942,0.0,3.34,0.81,0.31,0.83
20140303,37.835,38.495,38.705,37.595,244368,0.0,2.89,0.37,0.14,0.58
20140304,38.885,40.355,40.645,38.485,607376,0.0,5.61,4.83,1.86,1.45
20140305,40.065,40.245,40.785,39.515,431984,0.0,3.15,-0.27,-0.11,1.03
20140306,40.475,40.585,40.865,39.865,254364,0.0,2.48,0.84,0.34,0.61
20140307,40.605,40.965,41.325,40.585,380775,0.0,1.82,0.94,0.38,0.91
20140310,40.845,40.675,41.565,40.465,374014,0.0,2.69,-0.71,-0.29,0.89
20140311,40.765,40.585,40.995,40.225,319571,0.0,1.89,-0.22,-0.09,0.76
20140312,40.445,40.825,41.005,39.965,246283,0.0,2.56,0.59,0.24,0.59
20140313,41.095,39.975,41.095,39.645,236144,0.0,3.55,-2.08,-0.85,0.56
20140314,40.755,40.995,41.625,40.385,286322,0.0,3.1,2.55,1.02,0.68
20140317,41.335,42.025,42.395,41.265,348148,0.0,2.76,2.51,1.03,0.83
20140318,42.025,42.145,42.445,41.455,325564,0.0,2.36,0.29,0.12,0.78
20140319,42.145,40.745,42.405,40.575,424650,0.0,4.34,-3.32,-1.4,1.01
20140320,40.515,41.955,42.215,40.265,266005,0.0,4.79,2.97,1.21,0.64
20140321,42.355,40.845,42.455,40.795,376787,0.0,3.96,-2.65,-1.11,0.9
20140324,41.075,40.375,41.395,39.835,248147,0.0,3.82,-1.15,-0.47,0.59
20140325,40.525,40.055,40.925,40.005,248960,0.0,2.28,-0.79,-0.32,0.59
20140326,40.235,39.175,40.715,39.155,210486,0.0,3.89,-2.2,-0.88,0.5
20140327,39.115,38.735,39.325,38.615,229732,0.0,1.81,-1.12,-0.44,0.55
20140328,38.705,38.965,39.705,38.465,213620,0.0,3.2,0.59,0.23,0.51
20140331,39.155,39.495,39.925,38.795,280907,0.0,2.9,1.36,0.53,0.67
20140401,39.775,39.795,40.175,39.655,370236,0.0,1.32,0.76,0.3,0.88
20140402,40.015,39.375,40.015,39.245,252653,0.0,1.93,-1.06,-0.42,0.6
20140403,39.405,38.915,39.795,38.895,198762,0.0,2.29,-1.17,-0.46,0.47
20140404,39.315,37.665,39.445,37.305,381171,0.0,5.5,-3.21,-1.25,0.91
20140407,37.455,36.045,37.525,35.875,386666,0.0,4.38,-4.3,-1.62,0.92
20140408,36.065,36.145,36.675,35.525,348548,0.0,3.19,0.28,0.1,0.83
20140409,36.285,36.875,37.185,36.285,401690,0.0,2.49,2.02,0.73,0.96
20140410,36.795,35.795,37.185,35.735,231069,0.0,3.93,-2.93,-1.08,0.55
20140411,35.455,35.455,36.245,35.305,235731,0.0,2.63,-0.95,-0.34,0.56
20140414,35.975,35.695,36.305,35.405,168745,0.0,2.54,0.68,0.24,0.4
20140415,35.755,35.425,36.155,34.425,294300,0.0,4.85,-0.76,-0.27,0.7
20140416,35.765,35.915,36.445,35.525,540124,0.0,2.6,1.38,0.49,1.29
20140417,35.955,35.265,36.415,35.175,244845,0.0,3.45,-1.81,-0.65,0.58
20140421,35.175,35.135,35.565,34.735,209738,0.0,2.35,-0.37,-0.13,0.5
20140422,35.125,36.005,36.305,34.945,639311,0.0,3.87,2.48,0.87,1.53
20140423,36.085,34.815,36.445,34.675,292868,0.0,4.92,-3.31,-1.19,0.7
20140424,34.965,33.955,35.185,33.795,384766,0.0,3.99,-2.47,-0.86,0.92
20140425,33.665,33.245,33.955,33.115,337067,0.0,2.47,-2.09,-0.71,0.81
20140428,33.305,31.805,33.735,31.325,760983,0.0,7.25,-4.33,-1.44,1.82
20140429,31.865,31.855,32.905,31.535,624565,0.0,4.31,0.16,0.05,1.51
20140430,31.565,31.315,32.175,31.275,514442,0.0,2.83,-1.7,-0.54,1.25
20140501,31.265,31.745,32.165,31.145,503885,0.0,3.26,1.37,0.43,1.22
20140502,31.795,32.145,32.735,31.795,496656,0.0,2.96,1.26,0.4,1.2
20140505,31.885,31.905,32.195,31.395,513108,0.0,2.49,-0.75,-0.24,1.24
20140506,31.705,31.595,32.325,31.465,764586,0.0,2.7,-0.97,-0.31,1.85
20140507,33.205,30.635,33.955,30.425,917573,0.0,11.17,-3.04,-0.96,2.22
20140508,30.76,29.64,31.5,29.49,681439,0.0,6.56,-3.25,-0.995,1.65
20140509,29.41,29.64,29.89,29.04,298510,0.0,2.87,0.0,0.0,0.72
20140512,29.67,30.01,30.29,29.42,454941,0.0,2.94,1.25,0.37,1.1
20140513,30.02,30.11,30.36,29.78,495964,0.0,1.93,0.33,0.1,1.2
20140514,29.96,28.6,30.07,28.52,264903,0.0,5.15,-5.01,-1.51,0.64
20140515,28.34,28.59,28.81,27.58,414322,0.0,4.3,-0.03,-0.01,1.0
20140516,28.49,29.12,29.13,28.12,300918,0.0,3.53,1.85,0.53,0.73
20140519,28.9,28.92,29.49,28.67,210744,0.0,2.82,-0.69,-0.2,0.51
20140520,28.92,28.27,29.01,27.83,224934,0.0,4.08,-2.25,-0.65,0.55
20140521,28.42,29.12,29.27,28.14,440693,0.0,4.0,3.01,0.85,1.07
20140522,29.42,30.15,30.22,29.26,471880,0.0,3.3,3.54,1.03,1.14
20140523,30.21,30.13,30.68,29.99,439669,0.0,2.29,-0.07,-0.02,1.07
20140527,30.68,31.06,31.46,30.39,378458,0.0,3.55,3.09,0.93,0.92
20140528,31.08,30.0,31.34,29.99,455121,0.0,4.35,-3.41,-1.06,1.1
20140529,30.28,30.71,30.87,30.06,298624,0.0,2.7,2.37,0.71,0.72
20140530,30.75,30.93,31.13,30.6,497857,0.0,1.73,0.72,0.22,1.21
20140602,30.88,31.11,31.23,30.67,278021,0.0,1.81,0.58,0.18,0.67
20140603,31.16,30.86,31.19,30.61,558535,0.0,1.86,-0.8,-0.25,1.35
20140604,30.65,31.15,31.26,30.65,242867,0.0,1.98,0.94,0.29,0.59
20140605,31.22,30.78,31.65,30.77,278869,0.0,2.83,-1.19,-0.37,0.68
20140606,31.03,31.1,31.44,30.97,213639,0.0,1.53,1.04,0.32,0.52
20140609,31.02,30.88,31.26,30.62,155636,0.0,2.06,-0.71,-0.22,0.38
20140610,30.74,30.29,30.88,30.03,223535,0.0,2.75,-1.91,-0.59,0.54
20140611,30.07,30.36,30.48,30.07,121164,0.0,1.35,0.23,0.07,0.29
20140612,30.33,30.01,30.35,29.87,118215,0.0,1.58,-1.15,-0.35,0.29
20140613,30.24,29.89,30.28,29.68,142635,0.0,2.0,-0.4,-0.12,0.35
20140616,29.79,29.89,30.11,29.5,122715,0.0,2.04,0.0,0.0,0.3
20140617,30.1,29.93,30.37,29.64,245803,0.0,2.44,0.13,0.04,0.6
20140618,29.83,29.81,30.09,29.58,261010,0.0,1.7,-0.4,-0.12,0.63
20140619,29.75,29.69,30.19,29.58,194184,0.0,2.05,-0.4,-0.12,0.47
20140620,29.91,29.62,30.03,29.55,517115,0.0,1.62,-0.24,-0.07,1.25
20140623,29.68,29.96,30.15,29.58,210909,0.0,1.92,1.15,0.34,0.51
20140624,29.72,29.64,30.48,29.6,264700,0.0,2.94,-1.07,-0.32,0.64
20140625,29.51,29.87,30.17,29.41,338428,0.0,2.56,0.78,0.23,0.82
20140626,29.88,30.16,30.54,29.59,272373,0.0,3.18,0.97,0.29,0.66
20140627,29.99,30.03,30.3,29.87,223278,0.0,1.43,-0.43,-0.13,0.54
20140630,29.86,29.97,30.06,29.12,535367,0.0,3.13,-0.2,-0.06,1.3
20140701,29.97,30.3,30.78,29.73,215100,0.0,3.5,1.1,0.33,0.52
20140702,30.21,30.25,30.57,30.02,193529,0.0,1.82,-0.17,-0.05,0.47
20140703,30.33,30.28,30.64,30.16,119986,0.0,1.59,0.1,0.03,0.29
20140707,30.13,29.68,30.53,29.51,205157,0.0,3.37,-1.98,-0.6,0.5
20140708,29.68,29.45,29.8,29.23,419899,0.0,1.92,-0.77,-0.23,1.02
20140709,29.53,30.06,30.26,29.31,257479,0.0,3.23,2.07,0.61,0.62
20140710,29.37,29.6,29.86,29.13,312436,0.0,2.43,-1.53,-0.46,0.76
20140711,29.72,29.92,30.16,29.44,230046,0.0,2.43,1.08,0.32,0.56
20140714,30.25,29.55,30.34,29.45,146154,0.0,2.97,-1.24,-0.37,0.35
20140715,29.62,28.75,29.71,28.75,228691,0.0,3.25,-2.71,-0.8,0.55
20140716,29.62,28.75,29.71,28.75,228706,0.0,3.34,0.0,0.0,0.55
20140717,28.43,28.66,29.12,28.26,260821,0.0,2.99,-0.31,-0.09,0.63
20140718,28.6,29.21,29.57,28.6,209125,0.0,3.38,1.92,0.55,0.51
20140721,28.91,28.65,28.98,28.32,357232,0.0,2.26,-1.92,-0.56,0.87
20140722,29.08,29.36,29.54,29.01,227163,0.0,1.85,2.48,0.71,0.55
20140723,29.46,32.72,33.08,29.13,1296774,0.0,13.45,11.44,3.36,3.14
20140724,32.92,31.82,32.97,31.78,446560,0.0,3.64,-2.75,-0.9,1.08
20140725,31.56,31.74,32.04,31.39,299322,0.0,2.04,-0.25,-0.08,0.73
20140728,31.68,31.38,32.23,31.32,325880,0.0,2.87,-1.13,-0.36,0.79
20140729,31.5,30.97,31.77,30.85,378820,0.0,2.93,-1.31,-0.41,0.93
20140730,31.05,30.56,31.36,30.54,344262,0.0,2.65,-1.32,-0.41,0.84
20140731,30.08,29.27,30.58,29.18,603972,0.0,4.58,-4.22,-1.29,1.48
20140801,29.61,29.32,30.34,29.17,394597,0.0,4.0,0.17,0.05,0.96
20140804,29.48,30.72,30.76,29.11,308842,0.0,5.63,4.77,1.4,0.75
20140805,30.56,30.85,31.39,30.35,492792,0.0,3.39,0.42,0.13,1.2
20140806,27.93,28.58,29.66,26.39,994389,0.0,10.6,-7.36,-2.27,2.43
20140807,28.87,28.73,29.32,28.66,414396,0.0,2.31,0.52,0.15,1.01
20140808,28.68,28.59,28.89,28.41,269280,0.0,1.67,-0.49,-0.14,0.66
20140811,28.72,28.72,29.15,28.32,192080,0.0,2.9,0.45,0.13,0.47
20140812,28.72,28.37,29.11,28.14,219963,0.0,3.38,-1.22,-0.35,0.54
20140813,28.46,28.62,28.73,27.17,196309,0.0,5.5,0.88,0.25,0.48
20140814,28.7,28.52,29.07,28.39,145265,0.0,2.38,-0.35,-0.1,0.35
20140815,28.84,28.14,28.86,27.88,207794,0.0,3.44,-1.33,-0.38,0.51
20140818,28.53,28.06,28.87,27.95,324613,0.0,3.27,-0.28,-0.08,0.79
20140819,28.05,28.03,28.31,27.74,396348,0.0,2.03,-0.11,-0.03,0.97
20140820,27.8,27.38,27.96,27.37,279590,0.0,2.1,-2.32,-0.65,0.68
20140821,27.37,26.88,27.45,26.27,519712,0.0,4.31,-1.83,-0.5,1.27
20140822,26.87,27.04,27.35,26.76,260012,0.0,2.19,0.6,0.16,0.64
20140825,27.28,27.26,27.41,26.24,300273,0.0,4.33,0.81,0.22,0.73
20140826,27.21,27.29,27.42,26.85,227582,0.0,2.09,0.11,0.03,0.56
20140827,27.25,27.2,27.3,27.06,248674,0.0,0.88,-0.33,-0.09,0.61
20140828,26.97,27.14,27.34,26.74,195119,0.0,2.21,-0.22,-0.06,0.48
20140829,27.28,27.32,27.56,27.03,204202,0.0,1.95,0.66,0.18,0.5
20140902,27.33,27.61,27.77,27.22,235548,0.0,2.01,1.06,0.29,0.58
20140903,27.68,27.59,28.06,27.43,289209,0.0,2.28,-0.07,-0.02,0.71
20140904,27.64,27.58,27.89,27.41,348316,0.0,1.74,-0.04,-0.01,0.85
20140905,27.51,27.87,27.97,27.37,241535,0.0,2.18,1.05,0.29,0.59
20140908,27.72,27.96,28.17,27.62,329033,0.0,1.97,0.32,0.09,0.8
20140909,28.03,26.26,28.03,26.21,365280,0.0,6.51,-6.08,-1.7,0.89
20140910,26.15,26.14,26.39,25.04,422831,0.0,5.14,-0.46,-0.12,1.03
20140911,26.05,25.71,26.35,25.49,332736,0.0,3.29,-1.64,-0.43,0.81
20140912,25.63,25.45,25.88,25.37,271050,0.0,1.98,-1.01,-0.26,0.66
20140915,25.54,26.22,26.4,25.17,380146,0.0,4.83,3.03,0.77,0.93
20140916,26.1,28.17,28.35,26.1,1028655,0.0,8.58,7.44,1.95,2.51
20140917,27.99,28.45,28.65,27.41,569073,0.0,4.4,0.99,0.28,1.39
20140918,28.49,29.39,29.45,28.27,636589,0.0,4.15,3.3,0.94,1.56
20140919,29.44,28.67,30.41,28.56,467318,0.0,6.29,-2.45,-0.72,1.14
20140922,28.57,28.66,28.75,28.29,397950,0.0,1.6,-0.03,-0.01,0.97
20140923,28.65,28.14,28.65,28.06,430736,0.0,2.06,-1.81,-0.52,1.05
20140924,28.36,27.69,28.72,27.57,270780,0.0,4.09,-1.6,-0.45,0.66
20140925,27.51,27.82,28.15,27.51,338816,0.0,2.31,0.47,0.13,0.83
20140926,27.88,28.23,28.3,27.87,233757,0.0,1.55,1.47,0.41,0.57
20140929,27.9,28.25,28.48,27.74,283589,0.0,2.62,0.07,0.02,0.69
20140930,28.27,27.71,28.5,27.71,480207,0.0,2.8,-1.91,-0.54,1.17
20141001,27.9,27.67,28.53,27.63,328668,0.0,3.25,-0.14,-0.04,0.8
20141002,27.69,28.5,28.59,27.69,342569,0.0,3.25,3.0,0.83,0.84
20141003,28.94,28.84,29.27,28.63,219757,0.0,2.25,1.19,0.34,0.54
20141006,28.84,28.51,28.92,28.49,207689,0.0,1.49,-1.14,-0.33,0.51
20141007,28.21,28.11,28.57,28.07,271573,0.0,1.75,-1.4,-0.4,0.66
20141008,28.07,28.9,28.92,27.93,211022,0.0,3.52,2.81,0.79,0.52
20141009,28.92,27.69,29.13,27.43,343524,0.0,5.88,-4.19,-1.21,0.84
20141010,27.5,27.72,28.32,27.45,184913,0.0,3.14,0.11,0.03,0.45
20141013,27.79,27.56,28.31,27.21,281630,0.0,3.97,-0.58,-0.16,0.69
20141014,27.95,29.34,29.37,27.74,359494,0.0,5.91,6.46,1.78,0.88
20141015,29.08,30.53,30.85,29.03,905977,0.0,6.2,4.06,1.19,2.21
20141016,30.04,30.35,31.13,30.04,276233,0.0,3.57,-0.59,-0.18,0.67
20141017,30.88,30.27,31.05,30.04,265550,0.0,3.33,-0.26,-0.08,0.65
20141020,30.05,31.34,31.39,29.78,211600,0.0,5.32,3.53,1.07,0.52
20141021,31.31,31.13,31.32,30.49,281993,0.0,2.65,-0.67,-0.21,0.69
20141022,29.28,31.5,31.53,29.15,240987,0.0,7.65,1.19,0.37,0.59
20141023,31.71,29.53,31.71,29.42,382465,0.0,7.27,-6.25,-1.97,0.93
20141024,29.69,30.9,30.93,29.69,163465,0.0,4.2,4.64,1.37,0.4
20141027,30.67,31.16,31.18,30.59,151427,0.0,1.91,0.84,0.26,0.37
20141028,31.43,32.06,32.15,31.14,208763,0.0,3.24,2.89,0.9,0.52
20141029,32.07,32.41,32.72,31.88,336294,0.0,2.62,1.09,0.35,0.84
20141030,32.39,33.51,33.58,32.23,275439,0.0,4.17,3.39,1.1,0.69
20141031,33.88,34.49,34.72,33.74,550846,0.0,2.92,2.92,0.98,1.37
20141103,34.33,33.97,34.68,33.45,491605,0.0,3.57,-1.51,-0.52,1.22
20141104,34.08,34.42,34.82,33.4,455058,0.0,4.18,1.32,0.45,1.13
20141105,35.72,37.24,38.1,34.58,801246,0.0,10.23,8.19,2.82,2.0
20141106,36.89,38.21,38.38,36.89,327800,0.0,4.0,2.6,0.97,0.82
20141107,38.24,37.94,39.11,37.45,354842,0.0,4.34,-0.71,-0.27,0.88
20141110,38.12,38.27,38.39,37.63,215586,0.0,2.0,0.87,0.33,0.54
20141111,38.08,37.97,38.09,37.61,265963,0.0,1.25,-0.78,-0.3,0.66
20141112,37.83,38.05,38.24,37.65,196738,0.0,1.55,0.21,0.08,0.49
20141113,37.93,38.01,38.65,37.9,138902,0.0,1.97,-0.11,-0.04,0.35
20141114,37.94,37.87,38.29,37.6,126900,0.0,1.82,-0.37,-0.14,0.32
20141117,37.93,36.82,38.03,36.72,204824,0.0,3.46,-2.77,-1.05,0.51
20141118,37.05,37.13,37.36,36.66,198723,0.0,1.9,0.84,0.31,0.49
20141119,37.03,37.07,37.73,36.5,204805,0.0,3.31,-0.16,-0.06,0.51
20141120,36.78,39.06,39.27,36.75,348344,0.0,6.8,5.37,1.99,0.87
20141121,39.71,38.51,39.8,38.46,232185,0.0,3.43,-1.41,-0.55,0.58
20141124,38.48,38.79,39.35,38.35,266215,0.0,2.6,0.73,0.28,0.66
20141125,39.78,40.03,40.83,39.42,338143,0.0,3.63,3.2,1.24,0.84
20141126,39.85,40.39,40.49,39.51,204309,0.0,2.45,0.9,0.36,0.51
20141128,40.63,40.64,42.66,40.63,173319,0.0,5.03,0.62,0.25,0.43
20141201,40.76,41.59,42.36,40.76,512601,0.0,3.94,2.34,0.95,1.28
20141202,41.56,41.79,41.99,41.17,204389,0.0,1.97,0.48,0.2,0.51
20141203,41.78,42.26,42.71,41.41,234769,0.0,3.11,1.12,0.47,0.58
20141204,42.37,41.92,42.55,41.6,274816,0.0,2.25,-0.8,-0.34,0.68
20141205,41.89,41.97,42.33,41.19,214441,0.0,2.72,0.12,0.05,0.53
20141208,41.69,42.36,43.07,41.37,318315,0.0,4.05,0.93,0.39,0.79
20141209,41.81,43.71,43.9,41.37,639246,0.0,5.97,3.19,1.35,1.59
20141210,43.56,42.42,43.95,42.34,323320,0.0,3.68,-2.95,-1.29,0.81
20141211,42.82,43.39,44.01,42.82,308999,0.0,2.81,2.29,0.97,0.77
20141212,42.72,44.33,44.86,42.72,404683,0.0,4.93,2.17,0.94,1.01
20141215,44.55,43.88,44.86,42.73,535483,0.0,4.8,-1.02,-0.45,1.33
20141216,43.94,42.45,44.09,42.42,396406,0.0,3.81,-3.26,-1.43,0.99
20141217,42.55,42.94,43.11,41.65,440218,0.0,3.44,1.15,0.49,1.1
20141218,43.49,42.66,43.81,42.43,419707,0.0,3.21,-0.65,-0.28,1.05
20141219,42.73,41.66,42.83,41.6,529944,0.0,2.88,-2.34,-1.0,1.32
20141222,41.95,43.08,43.5,41.52,391936,0.0,4.75,3.41,1.42,0.98
20141223,43.14,42.96,43.75,42.72,205563,0.0,2.39,-0.28,-0.12,0.51
20141224,42.95,43.22,44.08,42.67,136271,0.0,3.28,0.61,0.26,0.34
20141226,43.56,43.48,44.06,43.13,136625,0.0,2.15,0.6,0.26,0.34
20141229,43.59,43.59,44.33,43.51,235933,0.0,1.89,0.25,0.11,0.59
20141230,43.49,43.26,44.14,43.01,190889,0.0,2.59,-0.76,-0.33,0.48
20141231,43.55,43.71,44.49,43.45,296330,0.0,2.4,1.04,0.45,0.74
20150102,44.21,44.86,45.08,43.78,401396,0.0,2.97,2.63,1.15,1.01
20150105,44.67,45.25,45.95,44.37,488501,0.0,3.52,0.87,0.39,1.23
20150106,45.87,45.61,45.95,44.51,398589,0.0,3.18,0.8,0.36,1.0
20150107,45.79,48.37,48.64,45.48,654911,0.0,6.93,6.05,2.76,1.65
20150108,48.97,49.39,49.99,48.75,542303,0.0,2.56,2.11,1.02,1.36
20150109,49.19,49.65,49.82,48.97,245894,0.0,1.72,0.53,0.26,0.62
20150112,49.84,49.91,50.48,49.48,235370,0.0,2.01,0.52,0.26,0.59
20150113,50.35,50.91,51.57,50.23,270257,0.0,2.68,2.0,1.0,0.68
20150114,50.39,50.38,50.98,49.66,248292,0.0,2.59,-1.04,-0.53,0.62
20150115,50.47,50.18,50.77,49.36,218441,0.0,2.8,-0.4,-0.2,0.55
20150116,49.68,49.84,49.85,48.99,403064,0.0,1.71,-0.68,-0.34,1.01
20150120,50.02,48.99,50.45,48.11,333162,0.0,4.7,-1.71,-0.85,0.84
20150121,48.73,48.45,49.16,48.33,38664,0.0,1.69,-1.1,-0.54,0.1
20150122,49.55,48.83,49.56,48.62,352217,0.0,1.94,0.78,0.38,0.89
20150123,48.86,49.84,50.18,48.61,349698,0.0,3.22,2.07,1.01,0.88
20150126,50.23,51.17,51.48,50.1,319607,0.0,2.77,2.67,1.33,0.8
20150127,50.52,50.85,51.06,50.3,252435,0.0,1.49,-0.63,-0.32,0.63
20150128,51.05,51.2,51.74,50.45,270582,0.0,2.54,0.69,0.35,0.68
20150129,51.05,52.36,52.6,50.64,304051,0.0,3.83,2.27,1.16,0.76
20150130,52.06,51.32,52.38,50.81,327820,0.0,3.0,-1.99,-1.04,0.82
20150202,51.46,50.34,52.02,49.45,343701,0.0,5.01,-1.91,-0.98,0.86
20150203,50.41,51.06,51.34,50.12,308012,0.0,2.42,1.43,0.72,0.77
20150204,50.75,51.65,51.93,50.51,219431,0.0,2.78,1.16,0.59,0.55
20150205,51.9,51.31,52.79,50.9,227680,0.0,3.66,-0.66,-0.34,0.57
20150206,51.43,50.91,51.76,50.01,284026,0.0,3.41,-0.78,-0.4,0.71
20150209,50.73,50.14,50.94,49.9,214952,0.0,2.04,-1.51,-0.77,0.54
20150210,50.5,51.3,51.92,50.1,245744,0.0,3.63,2.31,1.16,0.62
20150211,51.35,50.79,51.75,50.2,203010,0.0,3.02,-0.99,-0.51,0.51
20150212,50.83,51.22,51.5,49.82,284027,0.0,3.31,0.85,0.43,0.71
20150213,50.93,50.11,51.46,49.39,339867,0.0,4.04,-2.17,-1.11,0.85
20150217,50.01,50.43,50.7,49.69,182773,0.0,2.02,0.64,0.32,0.46
20150218,50.17,50.93,50.99,50.17,426570,0.0,1.63,0.99,0.5,1.07
20150219,51.24,52.21,52.23,51.02,410636,0.0,2.38,2.51,1.28,1.03
20150220,52.41,52.83,53.0,51.83,448980,0.0,2.24,1.19,0.62,1.13
20150223,52.93,53.43,53.95,52.56,448547,0.0,2.63,1.14,0.6,1.13
20150224,53.28,53.27,53.8,52.03,563947,0.0,3.31,-0.3,-0.16,1.42
20150225,51.5,52.26,53.26,51.09,765819,0.0,4.07,-1.9,-1.01,1.93
20150226,51.18,51.92,52.55,50.56,540647,0.0,3.81,-0.65,-0.34,1.36
20150227,51.62,49.84,51.63,49.75,656785,0.0,3.62,-4.01,-2.08,1.65
20150302,50.09,51.66,51.76,49.83,489059,0.0,3.87,3.65,1.82,1.23
20150303,51.28,49.87,51.68,48.89,495350,0.0,5.4,-3.46,-1.79,1.25
20150304,49.72,50.23,50.76,49.56,468402,0.0,2.41,0.72,0.36,1.18
20150305,50.53,49.93,50.53,49.67,215197,0.0,1.71,-0.6,-0.3,0.54
20150306,49.48,47.86,49.68,47.45,518156,0.0,4.47,-4.15,-2.07,1.3
20150309,47.8,49.16,49.71,47.8,374247,0.0,3.99,2.72,1.3,0.94
20150310,48.85,48.6,49.11,48.2,527362,0.0,1.85,-1.14,-0.56,1.32
20150311,48.6,48.11,48.89,47.78,419044,0.0,2.28,-1.01,-0.49,1.05
20150312,48.33,49.78,49.99,48.33,268141,0.0,3.45,3.47,1.67,0.67
20150313,49.61,48.85,50.4,48.37,306844,0.0,4.08,-1.87,-0.93,0.77
20150316,49.37,49.79,49.9,48.95,256920,0.0,1.94,1.92,0.94,0.64
20150317,49.9,50.6,50.78,49.62,252136,0.0,2.33,1.63,0.81,0.63
20150318,50.69,50.42,51.09,50.0,254316,0.0,2.15,-0.36,-0.18,0.64
20150319,50.33,51.67,51.81,50.33,226805,0.0,2.94,2.48,1.25,0.57
20150320,52.0,52.3,53.0,51.71,394138,0.0,2.5,1.22,0.63,0.99
20150323,52.47,51.81,52.47,51.31,555837,0.0,2.22,-0.94,-0.49,1.39
20150324,51.81,52.43,52.72,51.5,282196,0.0,2.35,1.2,0.62,0.71
20150325,52.99,50.05,52.99,49.82,382915,0.0,6.05,-4.54,-2.38,0.96
20150326,49.7,49.12,50.21,48.62,417282,0.0,3.18,-1.86,-0.93,1.05
20150327,49.01,50.23,50.45,49.01,177833,0.0,2.93,2.26,1.11,0.45
20150330,50.37,50.55,51.42,49.72,227635,0.0,3.38,0.64,0.32,0.57
20150331,50.24,49.86,50.73,49.05,274628,0.0,3.32,-1.36,-0.69,0.69
20150401,49.85,48.61,49.89,48.3,224583,0.0,3.19,-2.51,-1.25,0.56
20150402,48.63,48.72,48.81,48.06,293837,0.0,1.54,0.23,0.11,0.74
20150406,48.6,48.45,49.56,48.11,225689,0.0,2.98,-0.55,-0.27,0.57
20150407,48.39,49.13,49.26,48.39,326613,0.0,1.8,1.4,0.68,0.82
20150408,49.18,49.73,50.1,49.18,210004,0.0,1.87,1.22,0.6,0.53
20150409,49.64,48.26,50.02,48.07,314575,0.0,3.92,-2.96,-1.47,0.79
20150410,48.34,49.06,49.68,48.26,295942,0.0,2.94,1.66,0.8,0.74
20150413,49.04,48.79,50.32,48.7,245581,0.0,3.3,-0.55,-0.27,0.62
20150414,48.68,49.91,50.18,48.6,261244,0.0,3.24,2.3,1.12,0.66
20150415,50.05,49.71,50.58,49.23,258926,0.0,2.7,-0.4,-0.2,0.65
20150416,49.79,50.43,50.62,49.72,268900,0.0,1.81,1.45,0.72,0.67
20150417,49.97,49.18,50.18,49.07,225725,0.0,2.2,-2.48,-1.25,0.57
20150420,49.24,48.99,50.05,48.9,363682,0.0,2.34,-0.39,-0.19,0.91
20150421,49.18,49.92,50.24,48.95,207027,0.0,2.63,1.9,0.93,0.52
20150422,50.24,49.35,50.46,49.25,131357,0.0,2.42,-1.14,-0.57,0.33
20150423,49.51,52.51,52.95,49.51,424635,0.0,6.97,6.4,3.16,1.06
20150424,52.6,53.21,53.3,51.61,344585,0.0,3.22,1.33,0.7,0.86
20150427,53.64,51.39,54.1,51.0,743979,0.0,5.83,-3.42,-1.82,1.87
20150428,51.23,52.04,52.69,51.2,331622,0.0,2.9,1.26,0.65,0.83
20150429,51.88,51.01,52.0,50.26,479246,0.0,3.34,-1.98,-1.03,1.2
20150430,51.12,49.42,51.76,49.33,384725,0.0,4.76,-3.12,-1.59,0.97
20150501,49.74,50.15,50.6,48.85,553851,0.0,3.54,1.48,0.73,1.39
20150504,50.11,50.63,50.99,50.11,260507,0.0,1.75,0.96,0.48,0.65
20150505,50.59,49.53,51.62,49.01,469047,0.0,5.16,-2.17,-1.1,1.18
20150506,52.56,52.14,54.4,51.26,1078815,0.0,6.34,5.27,2.61,2.71
20150507,51.92,53.86,54.54,51.57,572695,0.0,5.7,3.3,1.72,1.44
20150508,54.25,53.78,55.28,53.44,281682,0.0,3.42,-0.15,-0.08,0.71
20150511,53.82,53.88,54.67,53.62,247765,0.0,1.95,0.19,0.1,0.62
20150512,53.5,53.77,54.03,52.22,211781,0.0,3.36,-0.2,-0.11,0.53
20150513,53.88,52.92,53.94,52.64,219962,0.0,2.42,-1.58,-0.85,0.55
20150514,53.09,53.74,54.12,52.51,205458,0.0,3.04,1.55,0.82,0.52
20150515,53.84,54.46,54.54,53.63,202307,0.0,1.69,1.34,0.72,0.51
20150518,54.59,55.67,55.87,54.41,316238,0.0,2.68,2.22,1.21,0.79
20150519,55.82,56.11,56.63,55.45,235863,0.0,2.12,0.79,0.44,0.59
20150520,56.39,55.76,56.39,55.34,205798,0.0,1.87,-0.62,-0.35,0.52
20150521,56.09,56.15,56.38,55.48,231033,0.0,1.61,0.7,0.39,0.58
20150522,56.13,56.41,57.14,56.13,298607,0.0,1.8,0.46,0.26,0.75
20150526,56.41,56.58,57.49,55.61,254484,0.0,3.33,0.3,0.17,0.64
20150527,56.79,57.16,57.89,56.06,344133,0.0,3.23,1.03,0.58,0.87
20150528,57.26,57.67,57.92,57.05,317591,0.0,1.52,0.89,0.51,0.8
20150529,57.81,56.84,58.06,56.54,370168,0.0,2.64,-1.44,-0.83,0.93
20150601,57.31,57.92,58.08,56.94,273445,0.0,2.01,1.9,1.08,0.69
20150602,57.68,57.25,57.89,56.89,324810,0.0,1.73,-1.16,-0.67,0.82
20150603,57.43,56.7,57.8,56.51,373393,0.0,2.25,-0.96,-0.55,0.94
20150604,56.5,56.19,56.87,55.85,291001,0.0,1.8,-0.9,-0.51,0.73
20150605,55.55,57.64,57.73,55.3,317051,0.0,4.32,2.58,1.45,0.8
20150608,57.44,58.25,58.65,57.06,265692,0.0,2.76,1.06,0.61,0.67
20150609,58.1,57.91,58.71,57.64,213788,0.0,1.84,-0.58,-0.34,0.54
20150610,57.97,58.98,59.49,57.83,254031,0.0,2.87,1.85,1.07,0.64
20150611,59.05,59.0,59.89,58.64,243698,0.0,2.12,0.03,0.02,0.61
20150612,58.82,58.7,59.33,58.11,347627,0.0,2.07,-0.51,-0.3,0.87
20150615,58.07,58.1,58.53,57.54,207834,0.0,1.69,-1.02,-0.6,0.52
20150616,58.29,59.13,59.57,58.13,239875,0.0,2.48,1.77,1.03,0.6
20150617,59.3,59.37,59.43,58.92,256746,0.0,0.86,0.41,0.24,0.65
20150618,59.71,60.77,60.98,59.36,325067,0.0,2.73,2.36,1.4,0.82
20150619,60.94,60.95,61.25,60.31,365520,0.0,1.55,0.3,0.18,0.92
20150622,61.43,62.58,62.62,60.93,310401,0.0,2.77,2.67,1.63,0.78
20150623,62.62,62.58,62.84,62.24,301146,0.0,0.96,0.0,0.0,0.76
20150624,62.71,62.75,62.98,62.15,282713,0.0,1.33,0.27,0.17,0.71
20150625,63.1,63.67,63.83,62.85,258536,0.0,1.56,1.47,0.92,0.65
20150626,63.69,64.46,64.52,63.41,455274,0.0,1.74,1.24,0.79,1.14
20150629,63.87,63.25,64.06,63.25,401349,0.0,1.26,-1.88,-1.21,1.01
20150630,63.55,63.77,64.3,63.33,330665,0.0,1.53,0.82,0.52,0.83
20150701,64.37,64.39,64.52,63.64,273660,0.0,1.38,0.97,0.62,0.69
20150702,64.58,64.23,64.79,63.67,222765,0.0,1.74,-0.25,-0.16,0.56
20150706,63.91,64.52,64.54,63.42,272293,0.0,1.74,0.45,0.29,0.68
20150707,64.94,64.2,64.94,62.74,355903,0.0,3.41,-0.5,-0.32,0.89
20150708,63.73,63.37,64.42,62.78,293242,0.0,2.55,-1.29,-0.83,0.74
20150709,64.0,63.43,64.62,62.8,264813,0.0,2.87,0.09,0.06,0.67
20150710,64.51,66.2,66.31,63.44,280801,0.0,4.52,4.37,2.77,0.71
20150713,66.88,66.99,67.54,66.15,390247,0.0,2.1,1.19,0.79,0.98
20150714,66.98,66.4,66.98,65.98,356747,0.0,1.49,-0.88,-0.59,0.9
20150715,66.17,65.23,66.49,65.08,424085,0.0,2.12,-1.76,-1.17,1.07
20150716,66.03,65.85,66.06,65.17,331991,0.0,1.36,0.95,0.62,0.83
20150717,66.14,64.72,66.16,64.56,239865,0.0,2.43,-1.72,-1.13,0.6
20150720,64.5,64.34,65.2,64.28,226015,0.0,1.42,-0.59,-0.38,0.57
20150721,64.35,63.81,64.43,62.7,376792,0.0,2.69,-0.82,-0.53,0.95
20150722,63.77,64.36,64.81,63.22,342546,0.0,2.49,0.86,0.55,0.86
20150723,64.76,63.18,65.09,63.02,239440,0.0,3.22,-1.83,-1.18,0.6
20150724,63.33,62.36,63.86,62.29,298741,0.0,2.48,-1.3,-0.82,0.75
20150727,62.37,62.05,62.54,61.51,292835,0.0,1.65,-0.5,-0.31,0.74
20150728,62.27,62.83,62.97,61.59,361006,0.0,2.22,1.26,0.78,0.91
20150729,62.91,63.42,63.96,62.68,260042,0.0,2.04,0.94,0.59,0.66
20150730,63.06,63.95,64.24,62.8,158959,0.0,2.27,0.84,0.53,0.4
20150731,64.55,63.69,64.9,63.24,431391,0.0,2.6,-0.41,-0.26,1.09
20150803,63.52,64.44,64.74,63.01,423456,0.0,2.72,1.18,0.75,1.07
20150804,64.17,63.75,64.8,63.07,453391,0.0,2.68,-1.07,-0.69,1.15
20150805,59.33,59.59,62.54,58.23,1528802,0.0,6.76,-6.53,-4.16,3.87
20150806,60.03,60.65,61.37,59.91,514402,0.0,2.45,1.78,1.06,1.3
20150807,60.495,60.285,60.945,59.685,396095,0.0,2.08,-0.6,-0.365,1.0
20150810,60.245,59.635,61.175,59.535,469218,0.0,2.72,-1.08,-0.65,1.19
20150811,58.875,59.565,59.995,58.325,266802,0.0,2.8,-0.12,-0.07,0.68
20150812,59.085,59.455,59.575,57.735,399979,0.0,3.09,-0.18,-0.11,1.01
20150813,59.405,60.455,60.875,59.405,239662,0.0,2.47,1.68,1.0,0.61
20150814,60.115,60.795,61.075,60.115,137332,0.0,1.59,0.56,0.34,0.35
20150817,60.505,61.405,61.855,60.435,181325,0.0,2.34,1.0,0.61,0.46
20150818,61.525,60.845,61.855,60.675,240827,0.0,1.92,-0.91,-0.56,0.61
20150819,60.785,59.955,60.815,59.845,143331,0.0,1.59,-1.46,-0.89,0.36
20150820,59.415,58.415,59.885,58.405,210429,0.0,2.47,-2.57,-1.54,0.53
20150821,57.475,57.355,58.585,56.175,420528,0.0,4.13,-1.81,-1.06,1.07
20150824,53.685,55.135,57.315,52.275,418783,0.0,8.79,-3.87,-2.22,1.06
20150825,56.975,55.925,57.015,55.305,333906,0.0,3.1,1.43,0.79,0.85
20150826,57.275,56.185,57.425,54.625,290328,0.0,5.01,0.46,0.26,0.74
20150827,56.485,56.715,57.785,55.835,260577,0.0,3.47,0.94,0.53,0.66
20150828,56.615,56.585,56.865,55.525,226548,0.0,2.36,-0.23,-0.13,0.57
20150831,56.465,55.595,57.205,55.305,243571,0.0,3.36,-1.75,-0.99,0.62
20150901,54.155,55.335,55.785,54.155,242236,0.0,2.93,-0.47,-0.26,0.61
20150902,55.655,56.645,56.655,55.275,198296,0.0,2.49,2.37,1.31,0.5
20150903,56.795,56.045,57.355,55.635,200195,0.0,3.04,-1.06,-0.6,0.51
20150904,55.535,56.385,56.935,55.515,159379,0.0,2.53,0.61,0.34,0.4
20150908,57.255,57.655,58.045,56.865,213639,0.0,2.09,2.25,1.27,0.54
20150909,58.535,57.565,58.895,57.275,177570,0.0,2.81,-0.16,-0.09,0.45
20150910,57.335,56.735,57.835,56.325,191627,0.0,2.62,-1.44,-0.83,0.49
20150911,56.595,58.005,58.095,56.565,152236,0.0,2.7,2.24,1.27,0.39
20150914,58.445,57.735,58.665,57.645,128815,0.0,1.76,-0.47,-0.27,0.33
20150915,57.815,57.425,58.315,56.895,116545,0.0,2.46,-0.54,-0.31,0.3
20150916,57.195,57.795,57.885,56.415,143638,0.0,2.56,0.64,0.37,0.36
20150917,57.605,58.585,59.295,57.485,183222,0.0,3.13,1.37,0.79,0.46
20150918,57.735,57.315,59.145,57.095,411329,0.0,3.5,-2.17,-1.27,1.04
20150921,57.645,57.425,58.875,56.905,226692,0.0,3.44,0.19,0.11,0.57
20150922,56.935,57.815,57.945,56.685,274989,0.0,2.19,0.68,0.39,0.7
20150923,57.835,57.135,58.125,57.105,212027,0.0,1.76,-1.18,-0.68,0.54
20150924,56.835,57.385,57.515,55.605,283133,0.0,3.34,0.44,0.25,0.72
20150925,57.755,57.745,59.185,57.205,255559,0.0,3.45,0.63,0.36,0.65
20150928,57.345,56.035,57.955,55.935,247305,0.0,3.5,-2.96,-1.71,0.63
20150929,57.615,58.135,60.025,56.965,973296,0.0,5.46,3.75,2.1,2.47
20150930,58.565,56.805,59.495,56.525,401195,0.0,5.11,-2.29,-1.33,1.02
20151001,56.805,55.485,57.195,55.015,454293,0.0,3.84,-2.32,-1.32,1.15
20151002,56.305,56.635,57.015,54.185,388335,0.0,5.1,2.07,1.15,0.98
20151005,57.205,58.595,58.845,55.845,479688,0.0,5.3,3.46,1.96,1.22
20151006,58.435,57.155,58.625,57.095,216946,0.0,2.61,-2.46,-1.44,0.55
20151007,56.955,57.765,58.115,55.995,430448,0.0,3.71,1.07,0.61,1.09
20151008,56.695,55.875,57.445,55.165,489425,0.0,3.95,-3.27,-1.89,1.24
20151009,56.345,56.615,57.425,54.925,360879,0.0,4.47,1.32,0.74,0.91
20151012,56.535,58.125,58.265,56.455,375404,0.0,3.2,2.67,1.51,0.95
20151013,58.275,58.665,59.965,57.945,434704,0.0,3.48,0.93,0.54,1.1
20151014,58.955,55.315,60.035,54.965,443876,0.0,8.64,-5.71,-3.35,1.12
20151015,55.745,55.875,56.215,54.445,227085,0.0,3.2,1.01,0.56,0.58
20151016,56.105,56.575,56.955,55.765,195225,0.0,2.13,1.25,0.7,0.49
20151019,56.635,56.905,57.195,56.315,237504,0.0,1.56,0.58,0.33,0.6
20151020,56.805,56.525,57.325,56.225,149404,0.0,1.93,-0.67,-0.38,0.38
20151021,56.545,55.245,57.005,54.765,306837,0.0,3.96,-2.26,-1.28,0.78
20151022,55.895,57.705,58.075,55.105,355560,0.0,5.38,4.45,2.46,0.9
20151023,58.435,58.885,59.015,57.225,248200,0.0,3.1,2.04,1.18,0.63
20151026,58.645,60.775,61.055,58.395,316560,0.0,4.52,3.21,1.89,0.8
20151027,60.435,60.265,60.925,59.235,241083,0.0,2.78,-0.84,-0.51,0.62
20151028,60.725,62.575,62.595,60.335,267698,0.0,3.75,3.83,2.31,0.69
20151029,61.835,61.625,62.835,60.675,342650,0.0,3.45,-1.52,-0.95,0.88
20151030,60.475,58.505,60.835,57.625,707276,0.0,5.21,-5.06,-3.12,1.81
20151102,58.305,60.555,60.615,58.275,293404,0.0,4.0,3.5,2.05,0.75
20151103,60.095,56.365,61.035,56.215,833067,0.0,7.96,-6.92,-4.19,2.14
20151104,50.275,48.145,51.935,45.935,3894765,0.0,10.64,-14.58,-8.22,9.98
20151105,45.015,48.075,48.265,44.245,1784817,0.0,8.35,-0.15,-0.07,4.57
20151106,47.79,46.13,48.02,45.95,736898,0.0,4.31,-4.05,-1.945,1.89
20151109,47.47,45.87,47.47,45.11,866299,0.0,5.12,-0.56,-0.26,2.22
20151110,46.08,46.03,46.5,45.47,482098,0.0,2.25,0.35,0.16,1.24
20151111,46.27,46.1,46.99,45.71,340569,0.0,2.78,0.15,0.07,0.87
20151112,45.8,45.35,47.05,45.24,323274,0.0,3.93,-1.63,-0.75,0.83
20151113,44.96,45.01,46.48,44.92,522822,0.0,3.44,-0.75,-0.34,1.34
20151116,45.03,45.76,45.95,44.88,338572,0.0,2.38,1.67,0.75,0.87
20151117,46.03,43.34,46.38,43.21,567356,0.0,6.93,-5.29,-2.42,1.45
20151118,43.85,43.53,44.41,42.14,647134,0.0,5.24,0.44,0.19,1.66
20151119,45.55,45.14,45.69,44.51,435705,0.0,2.71,3.7,1.61,1.12
20151120,45.44,45.25,45.68,44.99,377994,0.0,1.53,0.24,0.11,0.97
20151123,46.59,46.28,46.9,45.27,401771,0.0,3.6,2.28,1.03,1.03
20151124,46.05,45.6,46.35,44.99,340482,0.0,2.94,-1.47,-0.68,0.87
20151125,45.97,46.52,46.76,45.39,266559,0.0,3.0,2.02,0.92,0.68
20151127,46.77,46.6,47.3,46.54,114025,0.0,1.63,0.17,0.08,0.29
20151130,46.43,45.97,46.7,45.06,357070,0.0,3.52,-1.35,-0.63,0.92
20151201,46.08,45.64,46.39,45.46,737217,0.0,2.02,-0.72,-0.33,1.89
20151202,45.72,46.43,46.76,45.72,345787,0.0,2.28,1.73,0.79,0.89
20151203,46.63,46.13,46.65,45.45,296027,0.0,2.58,-0.65,-0.3,0.76
20151204,46.26,46.72,47.42,46.26,396026,0.0,2.51,1.28,0.59,1.02
20151207,46.93,46.87,47.02,45.99,331235,0.0,2.2,0.32,0.15,0.85
20151208,46.68,47.18,47.57,46.42,228776,0.0,2.45,0.66,0.31,0.59
20151209,46.95,46.48,47.68,45.9,282896,0.0,3.77,-1.48,-0.7,0.73
20151210,46.5,46.23,46.9,46.01,228439,0.0,1.91,-0.54,-0.25,0.59
20151211,45.53,45.32,46.08,44.93,282155,0.0,2.49,-1.97,-0.91,0.72
20151214,45.2,46.34,46.4,45.12,310097,0.0,2.82,2.25,1.02,0.79
20151215,46.59,46.31,46.73,46.23,230983,0.0,1.08,-0.06,-0.03,0.59
20151216,46.77,46.04,47.24,45.26,360922,0.0,4.28,-0.58,-0.27,0.93
20151217,46.05,44.84,46.44,44.59,330721,0.0,4.02,-2.61,-1.2,0.85
20151218,44.5,44.69,45.31,44.01,491285,0.0,2.9,-0.33,-0.15,1.26
20151221,45.01,45.09,46.19,44.97,317759,0.0,2.73,0.9,0.4,0.81
20151222,45.17,43.59,45.75,42.5,526548,0.0,7.21,-3.33,-1.5,1.35
20151223,43.47,43.53,44.02,42.2,618274,0.0,4.18,-0.14,-0.06,1.58
20151224,43.19,43.83,44.2,43.1,192404,0.0,2.53,0.69,0.3,0.49
20151228,43.45,44.14,44.4,42.55,266541,0.0,4.22,0.71,0.31,0.69
20151229,44.56,45.02,45.49,44.16,217413,0.0,3.01,1.99,0.88,0.57
20151230,45.27,44.96,45.7,44.92,363336,0.0,1.73,-0.13,-0.06,0.95
20151231,44.87,44.39,46.26,44.02,396030,0.0,4.98,-1.27,-0.57,1.03
20160104,43.46,43.4,44.13,42.64,592991,0.0,3.36,-2.23,-0.99,1.54
20160105,43.71,43.17,44.69,43.15,295995,0.0,3.55,-0.53,-0.23,0.77
20160106,42.95,41.07,42.95,40.79,459127,0.0,5.0,-4.86,-2.1,1.19
20160107,40.71,39.21,40.95,38.81,605557,0.0,5.21,-4.53,-1.86,1.58
20160108,38.91,37.1,38.99,36.49,1097481,0.0,6.38,-5.38,-2.11,2.86
20160111,37.11,37.14,37.96,36.54,640582,0.0,3.83,0.11,0.04,1.67
20160112,37.67,37.48,38.49,37.34,622744,0.0,3.1,0.92,0.34,1.62
20160113,37.32,37.25,39.1,36.92,621192,0.0,5.82,-0.61,-0.23,1.62
20160114,37.26,37.24,38.16,36.3,420767,0.0,4.99,-0.03,-0.01,1.1
20160115,36.23,36.65,37.13,35.98,821659,0.0,3.09,-1.58,-0.59,2.14
20160119,36.99,36.86,39.13,36.2,518972,0.0,7.99,0.57,0.21,1.35
20160120,36.37,36.2,36.79,34.41,553590,0.0,6.46,-1.79,-0.66,1.44
20160121,36.3,35.87,36.67,35.51,499074,0.0,3.2,-0.91,-0.33,1.3
20160122,36.17,37.35,37.78,36.02,553819,0.0,4.91,4.13,1.48,1.44
20160125,37.7,36.61,37.78,36.3,400715,0.0,3.96,-1.98,-0.74,1.04
20160126,36.97,37.82,38.21,36.96,313539,0.0,3.41,3.31,1.21,0.82
20160127,37.59,37.17,38.04,36.93,344001,0.0,2.93,-1.72,-0.65,0.9
20160128,37.5,35.98,37.98,35.76,420247,0.0,5.97,-3.2,-1.19,1.09
20160129,36.09,36.24,36.46,31.36,583623,0.0,14.17,0.72,0.26,1.52
20160201,36.08,35.82,36.68,34.96,632625,0.0,4.75,-1.16,-0.42,1.65
20160202,35.35,34.77,35.81,34.5,468070,0.0,3.66,-2.93,-1.05,1.22
20160203,34.86,33.99,35.39,33.27,533832,0.0,6.1,-2.24,-0.78,1.39
20160204,34.205,34.475,34.565,33.135,661069,0.0,4.21,1.43,0.485,1.72
20160205,34.475,34.365,35.315,33.805,851060,0.0,4.38,-0.32,-0.11,2.21
20160208,33.955,35.955,36.395,33.455,1063272,0.0,8.56,4.63,1.59,2.77
20160209,35.215,35.105,36.475,34.815,698955,0.0,4.62,-2.36,-0.85,1.82
20160210,35.445,36.765,37.045,34.925,849560,0.0,6.04,4.73,1.66,2.21
20160211,36.165,36.925,37.505,35.755,729004,0.0,4.76,0.44,0.16,1.9
20160212,37.415,38.975,39.335,36.065,588465,0.0,8.86,5.55,2.05,1.53
20160216,39.545,39.655,40.595,39.115,816456,0.0,3.8,1.74,0.68,2.16
20160217,39.745,41.545,41.875,39.745,588106,0.0,5.37,4.77,1.89,1.56
20160218,41.365,40.975,43.345,40.105,417102,0.0,7.8,-1.37,-0.57,1.11
20160219,40.865,41.005,41.805,40.535,392877,0.0,3.1,0.07,0.03,1.04
20160222,40.795,41.755,42.815,39.705,1085518,0.0,7.58,1.83,0.75,2.88
20160223,41.775,43.105,45.365,41.335,1633359,0.0,9.65,3.23,1.35,4.33
20160224,43.645,48.265,49.885,43.645,2065643,0.0,14.48,11.97,5.16,5.47
20160225,48.115,47.695,48.765,46.365,827427,0.0,4.97,-1.18,-0.57,2.19
20160226,48.345,49.735,49.815,47.395,551087,0.0,5.07,4.28,2.04,1.46
20160229,49.345,46.815,49.715,46.795,667890,0.0,5.87,-5.87,-2.92,1.77
20160301,47.005,47.635,48.215,46.905,549611,0.0,2.8,1.75,0.82,1.46
20160302,47.545,46.855,47.935,46.395,424064,0.0,3.23,-1.64,-0.78,1.12
20160303,46.825,48.175,48.445,46.655,366567,0.0,3.82,2.82,1.32,0.97
20160304,45.985,46.705,47.455,45.715,665300,0.0,3.61,-3.05,-1.47,1.76
20160307,46.575,46.385,47.345,46.215,312349,0.0,2.42,-0.69,-0.32,0.83
20160308,45.915,44.965,46.665,44.825,400194,0.0,3.97,-3.06,-1.42,1.06
20160309,45.315,44.805,45.895,44.565,446295,0.0,2.96,-0.36,-0.16,1.19
20160310,45.335,44.575,45.505,44.065,385692,0.0,3.21,-0.51,-0.23,1.02
20160311,44.785,44.525,45.805,44.015,329970,0.0,4.02,-0.11,-0.05,0.88
20160314,45.265,45.945,46.155,44.235,438734,0.0,4.31,3.19,1.42,1.17
20160315,45.705,45.055,45.815,44.395,444070,0.0,3.09,-1.94,-0.89,1.18
20160316,44.625,44.705,45.145,44.195,309160,0.0,2.11,-0.78,-0.35,0.82
20160317,44.375,44.755,45.325,43.825,303797,0.0,3.36,0.11,0.05,0.81
20160318,45.165,45.935,46.105,44.435,913533,0.0,3.73,2.64,1.18,2.43
20160321,45.765,44.905,46.075,44.495,333800,0.0,3.44,-2.24,-1.03,0.89
20160322,44.605,44.805,45.285,44.245,308482,0.0,2.32,-0.22,-0.1,0.82
20160323,44.855,43.945,44.855,43.935,252881,0.0,2.05,-1.92,-0.86,0.67
20160324,43.785,43.395,45.015,42.485,460035,0.0,5.76,-1.25,-0.55,1.22
20160328,43.775,43.045,44.245,42.255,288436,0.0,4.59,-0.81,-0.35,0.77
20160329,42.895,44.915,45.195,42.745,479449,0.0,5.69,4.34,1.87,1.27
20160330,45.205,44.155,45.755,43.695,340023,0.0,4.59,-1.69,-0.76,0.9
20160331,44.095,42.855,44.175,41.895,1033011,0.0,5.16,-2.94,-1.3,2.74
20160401,42.445,44.195,44.405,42.445,645771,0.0,4.57,3.13,1.34,1.72
20160404,44.115,43.905,44.465,43.285,405540,0.0,2.67,-0.66,-0.29,1.08
20160405,43.575,43.885,44.535,43.305,311123,0.0,2.8,-0.05,-0.02,0.83
20160406,43.835,43.875,45.345,43.815,406528,0.0,3.49,-0.02,-0.01,1.08
20160407,43.635,43.545,44.795,43.165,361713,0.0,3.72,-0.75,-0.33,0.96
20160408,43.705,44.045,44.335,43.035,222491,0.0,2.99,1.15,0.5,0.59
20160411,44.355,44.275,46.595,44.265,433634,0.0,5.29,0.52,0.23,1.15
20160412,44.205,44.585,44.905,43.765,341844,0.0,2.57,0.7,0.31,0.91
20160413,44.885,45.415,45.455,44.395,261393,0.0,2.38,1.86,0.83,0.69
20160414,45.595,45.455,45.765,45.025,245113,0.0,1.63,0.09,0.04,0.65
20160415,45.275,46.085,46.285,45.145,226353,0.0,2.51,1.39,0.63,0.6
20160418,46.055,46.135,46.225,45.485,290787,0.0,1.61,0.11,0.05,0.77
20160419,46.135,45.395,46.355,44.515,284566,0.0,3.99,-1.6,-0.74,0.76
20160420,45.595,46.995,47.345,45.545,453732,0.0,3.97,3.52,1.6,1.21
20160421,47.355,45.985,47.355,45.215,442662,0.0,4.55,-2.15,-1.01,1.18
20160422,45.545,47.125,47.155,45.545,453693,0.0,3.5,2.48,1.14,1.21
20160425,46.965,46.235,47.285,45.975,267670,0.0,2.78,-1.89,-0.89,0.71
20160426,46.145,46.415,46.855,45.735,168599,0.0,2.42,0.39,0.18,0.45
20160427,46.295,46.755,46.855,45.775,254302,0.0,2.33,0.73,0.34,0.68
20160428,45.415,45.155,46.465,44.655,413254,0.0,3.87,-3.42,-1.6,1.11
20160429,44.965,45.255,45.715,44.555,284487,0.0,2.57,0.22,0.1,0.76
20160502,45.475,46.285,46.575,45.155,405866,0.0,3.14,2.28,1.03,1.09
20160503,46.235,44.285,46.915,44.265,837855,0.0,5.73,-4.32,-2.0,2.25
20160504,42.665,48.825,49.505,42.665,1593079,0.0,15.45,10.25,4.54,4.28
20160505,48.98,48.87,51.2,47.59,895201,0.0,7.39,0.09,0.045,2.4
20160506,48.77,48.33,49.26,47.47,494081,0.0,3.66,-1.1,-0.54,1.33
20160509,48.33,48.9,49.11,47.85,358502,0.0,2.61,1.18,0.57,0.96
20160510,48.64,49.19,49.23,47.53,400289,0.0,3.48,0.59,0.29,1.07
20160511,49.17,48.58,49.17,47.55,459275,0.0,3.29,-1.24,-0.61,1.23
20160512,48.94,50.69,51.27,48.48,607600,0.0,5.74,4.34,2.11,1.63
20160513,50.78,50.59,51.07,50.01,508759,0.0,2.09,-0.2,-0.1,1.37
20160516,50.5,49.9,50.55,49.3,223275,0.0,2.47,-1.36,-0.69,0.6
20160517,49.73,48.84,50.16,48.3,346341,0.0,3.73,-2.12,-1.06,0.93
20160518,47.67,49.01,49.53,47.67,343927,0.0,3.81,0.35,0.17,0.92
20160519,48.92,48.97,49.46,48.37,203906,0.0,2.22,-0.08,-0.04,0.55
20160520,49.02,49.85,50.18,48.82,261270,0.0,2.78,1.8,0.88,0.7
20160523,49.85,50.1,50.83,49.8,374296,0.0,2.07,0.5,0.25,1.01
20160524,50.1,51.39,51.73,50.1,268333,0.0,3.25,2.57,1.29,0.72
20160525,51.11,51.71,52.17,50.43,249154,0.0,3.39,0.62,0.32,0.67
20160526,51.52,51.51,52.31,51.49,250776,0.0,1.59,-0.39,-0.2,0.67
20160527,51.74,52.25,52.6,51.55,176156,0.0,2.04,1.44,0.74,0.47
20160531,52.34,52.18,52.48,51.45,295394,0.0,1.97,-0.13,-0.07,0.79
20160601,51.86,51.64,52.73,51.59,297383,0.0,2.18,-1.03,-0.54,0.8
20160602,51.67,52.11,52.35,51.42,261583,0.0,1.8,0.91,0.47,0.7
20160603,52.07,51.39,52.38,51.33,246861,0.0,2.01,-1.38,-0.72,0.66
20160606,51.48,53.14,53.24,50.85,324991,0.0,4.65,3.41,1.75,0.87
20160607,53.07,53.23,54.07,52.94,304065,0.0,2.13,0.17,0.09,0.82
20160608,53.57,54.16,54.45,53.16,212082,0.0,2.42,1.75,0.93,0.57
20160609,54.16,54.14,54.75,54.09,170501,0.0,1.22,-0.04,-0.02,0.46
20160610,53.81,53.4,54.08,52.7,176545,0.0,2.55,-1.37,-0.74,0.47
20160613,53.4,53.43,54.19,53.01,227132,0.0,2.21,0.06,0.03,0.61
20160614,53.04,53.9,54.44,52.81,265145,0.0,3.05,0.88,0.47,0.71
20160615,54.24,53.42,54.57,53.35,265003,0.0,2.26,-0.89,-0.48,0.71
20160616,53.19,54.73,54.85,51.93,495498,0.0,5.47,2.45,1.31,1.33
20160617,54.73,54.11,55.19,53.39,517235,0.0,3.29,-1.13,-0.62,1.39
20160620,55.07,55.08,55.55,54.55,257217,0.0,1.85,1.79,0.97,0.69
20160621,55.64,55.31,55.76,55.16,256844,0.0,1.09,0.42,0.23,0.69
20160622,53.9,55.08,55.21,52.61,442660,0.0,4.7,-0.42,-0.23,1.19
20160623,55.44,56.63,56.83,55.2,284873,0.0,2.96,2.81,1.55,0.76
20160624,54.23,55.53,56.23,53.85,425734,0.0,4.2,-1.94,-1.1,1.14
20160627,55.15,55.01,55.22,54.84,29640,0.0,0.68,-0.94,-0.52,0.08
20160628,54.89,54.82,55.67,54.39,199944,0.0,2.33,-0.35,-0.19,0.54
20160629,55.17,56.17,56.24,55.17,238463,0.0,1.95,2.46,1.35,0.64
20160630,56.48,56.84,56.92,55.18,298788,0.0,3.1,1.19,0.67,0.8
20160701,56.9,56.87,57.5,56.17,218160,0.0,2.34,0.05,0.03,0.59
20160705,56.89,56.76,57.01,55.73,222279,0.0,2.25,-0.19,-0.11,0.6
20160706,56.7,56.75,57.13,56.39,185141,0.0,1.3,-0.02,-0.01,0.5
20160707,56.68,56.44,57.05,55.82,168183,0.0,2.17,-0.55,-0.31,0.45
20160708,56.83,57.32,58.28,56.16,225490,0.0,3.76,1.56,0.88,0.61
20160711,57.55,58.57,59.32,57.41,244238,0.0,3.33,2.18,1.25,0.66
20160712,58.73,58.6,58.92,57.96,176228,0.0,1.64,0.05,0.03,0.47
20160713,58.43,58.09,59.1,57.97,170144,0.0,1.93,-0.87,-0.51,0.46
20160714,58.45,57.98,58.77,57.68,165761,0.0,1.88,-0.19,-0.11,0.45
20160715,58.2,57.92,58.51,57.34,245714,0.0,2.02,-0.1,-0.06,0.66
20160718,57.81,58.0,58.39,57.36,183132,0.0,1.78,0.14,0.08,0.49
20160719,58.15,57.96,58.52,57.95,118262,0.0,0.98,-0.07,-0.04,0.32
20160720,59.33,60.14,60.99,58.77,313158,0.0,3.83,3.76,2.18,0.84
20160721,60.81,62.18,62.34,60.1,322596,0.0,3.72,3.39,2.04,0.87
20160722,61.99,62.09,62.98,61.65,214408,0.0,2.14,-0.14,-0.09,0.58
20160725,62.71,63.15,63.67,61.88,321087,0.0,2.88,1.71,1.06,0.86
20160726,62.86,61.08,62.9,60.75,455185,0.0,3.4,-3.28,-2.07,1.23
20160727,61.25,61.83,61.83,60.46,335476,0.0,2.24,1.23,0.75,0.91
20160728,61.94,62.49,62.72,61.57,144601,0.0,1.86,1.07,0.66,0.39
20160729,62.77,62.79,63.53,62.2,191893,0.0,2.13,0.48,0.3,0.52
20160801,62.86,63.05,63.48,61.85,328875,0.0,2.6,0.41,0.26,0.89
20160802,63.32,62.85,63.67,61.75,720992,0.0,3.05,-0.32,-0.2,1.95
20160803,64.19,66.22,66.93,61.9,913908,0.0,8.0,5.36,3.37,2.47
20160804,65.9,64.8,67.04,64.56,566921,0.0,3.75,-2.14,-1.42,1.53
20160805,64.72,64.55,65.91,63.94,407732,0.0,3.04,-0.39,-0.25,1.1
20160808,64.28,64.36,65.11,64.28,196972,0.0,1.29,-0.29,-0.19,0.53
20160809,64.62,64.42,65.0,64.12,377574,0.0,1.37,0.09,0.06,1.02
20160810,64.2,63.54,64.37,62.85,324049,0.0,2.36,-1.37,-0.88,0.88
20160811,64.25,64.19,65.04,63.25,261970,0.0,2.82,1.02,0.65,0.71
20160812,64.19,63.7,64.23,63.28,189634,0.0,1.48,-0.76,-0.49,0.51
20160815,64.04,64.04,64.55,63.85,232923,0.0,1.1,0.53,0.34,0.63
20160816,63.66,63.29,64.07,63.17,204241,0.0,1.41,-1.17,-0.75,0.55
20160817,63.03,63.2,63.86,62.15,162159,0.0,2.7,-0.14,-0.09,0.44
20160818,63.21,64.34,64.49,62.97,147378,0.0,2.41,1.8,1.14,0.4
20160819,63.99,63.97,64.52,63.61,138608,0.0,1.41,-0.58,-0.37,0.37
20160822,63.54,64.73,65.05,63.54,212790,0.0,2.36,1.19,0.76,0.58
20160823,65.04,64.88,65.51,64.61,122246,0.0,1.39,0.23,0.15,0.33
20160824,64.89,64.84,65.1,64.58,172042,0.0,0.8,-0.06,-0.04,0.47
20160825,64.68,64.38,65.2,64.24,228528,0.0,1.48,-0.71,-0.46,0.62
20160826,64.9,63.49,65.94,63.12,173678,0.0,4.38,-1.38,-0.89,0.47
20160829,63.78,64.4,65.12,63.54,207556,0.0,2.49,1.43,0.91,0.56
20160830,64.27,63.76,64.51,63.62,281248,0.0,1.38,-0.99,-0.64,0.76
20160831,63.76,63.87,64.11,62.93,246179,0.0,1.85,0.17,0.11,0.67
20160901,63.64,64.23,64.6,63.34,162300,0.0,1.97,0.56,0.36,0.44
20160902,64.19,64.79,65.04,64.1,152857,0.0,1.46,0.87,0.56,0.41
20160906,64.87,65.0,65.27,64.44,126770,0.0,1.28,0.32,0.21,0.34
20160907,64.94,65.21,65.33,64.22,142971,0.0,1.71,0.32,0.21,0.39
20160908,64.9,64.55,66.09,64.48,141573,0.0,2.47,-1.01,-0.66,0.38
20160909,64.35,63.04,64.35,63.04,172452,0.0,2.03,-2.34,-1.51,0.47
20160912,62.8,65.21,65.3,62.8,244217,0.0,3.97,3.44,2.17,0.66
20160913,65.09,66.08,66.54,64.92,292738,0.0,2.48,1.33,0.87,0.79
20160914,66.5,66.81,67.14,65.72,284735,0.0,2.15,1.1,0.73,0.77
20160915,67.11,67.3,67.52,66.29,272750,0.0,1.84,0.73,0.49,0.74
20160916,67.36,66.65,67.37,66.37,420628,0.0,1.49,-0.97,-0.65,1.14
20160919,66.78,65.85,67.16,65.51,297325,0.0,2.48,-1.2,-0.8,0.8
20160920,66.31,66.75,66.77,65.46,427540,0.0,1.99,1.37,0.9,1.16
20160921,66.6,67.35,68.17,66.37,393301,0.0,2.7,0.9,0.6,1.06
20160922,68.04,70.21,70.53,67.62,533533,0.0,4.32,4.25,2.86,1.44
20160923,69.48,71.22,71.58,69.05,469758,0.0,3.6,1.44,1.01,1.27
20160926,70.98,70.67,71.35,70.3,423139,0.0,1.47,-0.77,-0.55,1.14
20160927,70.8,70.65,71.21,70.13,584045,0.0,1.53,-0.03,-0.02,1.58
20160928,70.6,69.75,70.6,69.06,536822,0.0,2.18,-1.27,-0.9,1.45
20160929,69.68,68.29,69.68,67.48,416679,0.0,3.15,-2.09,-1.46,1.13
20160930,68.75,67.89,68.79,67.76,350793,0.0,1.51,-0.59,-0.4,0.95
20161003,68.07,67.06,68.4,66.61,424398,0.0,2.64,-1.22,-0.83,1.15
20161004,67.09,66.0,67.74,65.11,388993,0.0,3.92,-1.58,-1.06,1.05
20161005,65.86,65.83,65.99,64.81,360006,0.0,1.79,-0.26,-0.17,0.97
20161006,65.48,64.45,65.53,64.32,378706,0.0,1.84,-2.1,-1.38,1.02
20161007,64.31,64.89,65.29,63.75,488948,0.0,2.39,0.68,0.44,1.32
20161010,65.43,67.14,67.28,65.09,353743,0.0,3.37,3.47,2.25,0.96
20161011,67.04,66.79,67.31,66.09,320368,0.0,1.82,-0.52,-0.35,0.87
20161012,67.01,67.15,67.37,66.1,263550,0.0,1.9,0.54,0.36,0.71
20161013,66.55,66.7,67.12,65.88,220162,0.0,1.85,-0.67,-0.45,0.6
20161014,67.04,67.01,67.84,66.71,276569,0.0,1.69,0.46,0.31,0.75
20161017,66.88,66.02,67.61,65.83,310310,0.0,2.66,-1.48,-0.99,0.84
20161018,67.6,68.63,68.9,66.57,694797,0.0,3.53,3.95,2.61,1.88
20161019,68.96,69.54,70.13,68.62,453239,0.0,2.2,1.33,0.91,1.23
20161020,69.71,69.02,69.72,68.6,290014,0.0,1.61,-0.75,-0.52,0.78
20161021,68.52,69.49,69.81,68.51,311295,0.0,1.88,0.68,0.47,0.84
20161024,69.82,69.85,70.45,69.46,290812,0.0,1.42,0.52,0.36,0.79
20161025,69.68,68.03,69.98,67.8,571735,0.0,3.12,-2.61,-1.82,1.55
20161026,66.23,64.18,66.23,63.91,1046411,0.0,3.41,-5.66,-3.85,2.84
20161027,64.67,63.56,65.25,63.24,436271,0.0,3.13,-0.97,-0.62,1.18
20161028,63.54,62.89,63.67,62.64,452389,0.0,1.62,-1.05,-0.67,1.23
20161031,62.77,64.49,64.78,62.77,743571,0.0,3.2,2.54,1.6,2.02
20161101,64.84,63.8,65.39,62.9,549361,0.0,3.86,-1.07,-0.69,1.49
20161102,68.15,67.54,69.74,65.43,1555303,0.0,6.76,5.86,3.74,4.22
20161103,67.32,67.37,68.38,66.37,510306,0.0,2.98,-0.25,-0.17,1.38
20161104,67.54,66.76,68.19,66.61,508529,0.0,2.35,-0.91,-0.61,1.38
20161107,67.63,68.53,68.88,67.46,320281,0.0,2.13,2.65,1.77,0.87
20161108,68.29,69.4,69.64,66.94,309591,0.0,3.94,1.27,0.87,0.84
20161109,68.96,71.03,71.84,68.26,715509,0.0,5.16,2.35,1.63,1.94
20161110,71.85,70.51,72.34,69.94,590932,0.0,3.38,-0.73,-0.52,1.6
20161111,70.54,73.48,73.97,70.54,694552,0.0,4.86,4.21,2.97,1.88
20161114,73.73,73.84,74.82,73.67,604330,0.0,1.57,0.49,0.36,1.64
20161115,73.6,75.38,75.67,72.74,430054,0.0,3.97,2.09,1.54,1.17
20161116,75.23,74.83,75.92,74.4,412948,0.0,2.02,-0.73,-0.55,1.12
20161117,74.53,76.16,76.23,74.53,312198,0.0,2.27,1.78,1.33,0.85
20161118,74.94,74.3,75.32,71.8,569840,0.0,4.62,-2.44,-1.86,1.54
20161121,74.16,74.54,75.02,74.06,388566,0.0,1.29,0.32,0.24,1.05
20161122,74.4,76.51,76.55,74.34,367350,0.0,2.96,2.64,1.97,1.0
20161123,75.78,77.12,77.34,75.78,225993,0.0,2.04,0.8,0.61,0.61
20161125,77.52,77.37,77.83,77.04,104709,0.0,1.02,0.32,0.25,0.28
20161128,77.18,76.18,77.63,76.1,286192,0.0,1.98,-1.54,-1.19,0.78
20161129,76.43,76.43,77.6,76.37,342438,0.0,1.61,0.33,0.25,0.93
20161130,77.3,77.6,78.61,76.63,774375,0.0,2.59,1.53,1.17,2.1
20161201,77.21,76.55,78.87,76.25,4692362,0.0,3.38,-1.35,-1.05,12.72
20161202,76.25,75.45,77.52,75.39,639002,0.0,2.78,-1.44,-1.1,1.73
20161205,75.14,74.72,75.17,74.03,561946,0.0,1.51,-0.97,-0.73,1.52
20161206,76.42,75.29,76.69,74.51,596448,0.0,2.92,0.76,0.57,1.62
20161207,75.05,77.78,77.97,75.05,647109,0.0,3.88,3.31,2.49,1.75
20161208,78.04,76.66,79.13,76.13,871803,0.0,3.86,-1.44,-1.12,2.36
20161209,76.55,77.31,77.38,75.95,443238,0.0,1.87,0.85,0.65,1.2
20161212,77.37,75.77,77.54,74.49,654415,0.0,3.95,-1.99,-1.54,1.77
20161213,76.24,76.81,77.03,75.4,343771,0.0,2.15,1.37,1.04,0.93
20161214,76.91,77.09,79.24,76.91,363727,0.0,3.03,0.36,0.28,0.99
20161215,77.24,77.52,78.93,76.92,400473,0.0,2.61,0.56,0.43,1.09
20161216,77.84,78.41,79.14,77.69,962146,0.0,1.87,1.15,0.89,2.61
20161219,78.34,78.76,78.96,77.68,372120,0.0,1.63,0.45,0.35,1.01
20161220,78.8,78.79,79.15,78.36,257819,0.0,1.0,0.04,0.03,0.7
20161221,78.56,78.38,79.73,78.27,288287,0.0,1.85,-0.52,-0.41,0.78
20161222,78.02,76.61,78.34,76.24,436778,0.0,2.68,-2.26,-1.77,1.18
20161223,76.52,76.22,76.87,75.18,311463,0.0,2.21,-0.51,-0.39,0.84
20161227,76.14,76.66,77.06,75.45,260735,0.0,2.11,0.58,0.44,0.71
20161228,76.82,76.07,77.35,75.94,216240,0.0,1.84,-0.77,-0.59,0.59
20161229,76.19,76.52,77.1,75.81,217490,0.0,1.7,0.59,0.45,0.59
20161230,76.91,74.82,77.09,74.71,344851,0.0,3.11,-2.22,-1.7,0.94
20170103,75.45,74.34,75.92,73.2,452828,0.0,3.64,-0.64,-0.48,1.23
20170104,74.8,75.44,75.63,73.81,420107,0.0,2.45,1.48,1.1,1.15
20170105,74.93,75.92,76.24,74.93,286270,0.0,1.74,0.64,0.48,0.78
20170106,75.9,75.25,75.9,74.86,456131,0.0,1.37,-0.88,-0.67,1.24
20170109,75.0,74.49,75.27,73.93,479929,0.0,1.78,-1.01,-0.76,1.31
20170110,74.9,76.49,76.69,74.39,504581,0.0,3.09,2.68,2.0,1.38
20170111,76.41,75.76,76.62,75.51,379265,0.0,1.45,-0.95,-0.73,1.03
20170112,75.29,75.21,75.58,74.2,349611,0.0,1.82,-0.73,-0.55,0.95
20170113,75.51,74.08,76.14,73.52,357090,0.0,3.48,-1.5,-1.13,0.97
20170117,73.77,73.73,74.79,73.0,311954,0.0,2.42,-0.47,-0.35,0.85
20170118,73.86,73.68,74.01,73.04,200873,0.0,1.32,-0.07,-0.05,0.55
20170119,73.71,72.67,73.71,72.57,241010,0.0,1.55,-1.37,-1.01,0.66
20170120,72.62,73.07,73.37,72.33,504757,0.0,1.43,0.55,0.4,1.38
20170123,73.16,73.37,73.93,72.41,332396,0.0,2.08,0.41,0.3,0.91
20170124,73.45,73.53,73.98,72.67,276234,0.0,1.79,0.22,0.16,0.75
20170125,73.6,73.82,74.94,73.6,342598,0.0,1.82,0.39,0.29,0.93
20170126,73.49,73.96,74.65,73.49,166504,0.0,1.57,0.19,0.14,0.45
20170127,74.17,73.54,75.06,73.12,221542,0.0,2.62,-0.57,-0.42,0.6
20170130,73.19,73.95,74.14,72.83,208538,0.0,1.78,0.56,0.41,0.57
20170131,73.65,74.46,74.64,73.06,291425,0.0,2.14,0.69,0.51,0.79
20170201,74.9,72.03,75.79,71.99,344065,0.0,5.1,-3.26,-2.43,0.94
20170202,72.04,71.35,72.79,71.16,833181,0.0,2.26,-0.94,-0.68,2.27
20170203,71.36,70.84,72.12,70.73,695900,0.0,1.95,-0.71,-0.51,1.9
20170206,70.83,71.19,71.22,70.49,472040,0.0,1.03,0.49,0.35,1.29
20170207,71.27,71.48,72.43,71.12,415926,0.0,1.84,0.41,0.29,1.13
20170208,71.44,73.2,73.44,71.02,505949,0.0,3.39,2.41,1.72,1.38
20170209,73.21,73.91,75.1,73.2,486398,0.0,2.6,0.97,0.71,1.33
20170210,73.88,75.02,75.84,73.61,476551,0.0,3.02,1.5,1.11,1.3
20170213,75.13,73.3,75.36,72.7,749325,0.0,3.55,-2.29,-1.72,2.04
20170214,73.24,74.82,76.07,72.95,554247,0.0,4.26,2.07,1.52,1.51
20170215,74.48,75.38,75.74,74.07,322461,0.0,2.23,0.75,0.56,0.88
20170216,75.37,75.84,75.99,75.09,345894,0.0,1.19,0.61,0.46,0.94
20170217,75.69,75.45,76.43,74.61,466933,0.0,2.4,-0.51,-0.39,1.27
20170221,75.77,75.07,75.99,74.15,904178,0.0,2.44,-0.5,-0.38,2.46
20170222,71.08,69.04,72.14,67.34,3799563,0.0,6.39,-8.03,-6.03,10.34
20170223,68.45,68.21,68.92,66.44,1507207,0.0,3.59,-1.2,-0.83,4.1
20170224,68.19,68.14,68.32,67.6,652411,0.0,1.06,-0.1,-0.07,1.77
20170227,67.9,67.99,68.46,67.72,419524,0.0,1.09,-0.22,-0.15,1.14
20170228,67.4,68.36,68.62,67.18,818129,0.0,2.12,0.54,0.37,2.23
20170301,68.92,68.76,69.18,68.09,518086,0.0,1.59,0.59,0.4,1.41
20170302,68.16,67.78,69.07,67.59,446820,0.0,2.15,-1.43,-0.98,1.22
20170303,67.51,67.41,68.38,67.01,604859,0.0,2.02,-0.55,-0.37,1.65
20170306,67.25,67.0,67.3,66.36,602300,0.0,1.39,-0.61,-0.41,1.64
20170307,67.16,65.88,67.43,65.59,478190,0.0,2.75,-1.67,-1.12,1.3
20170308,66.12,65.7,66.34,65.45,260941,0.0,1.35,-0.27,-0.18,0.71
20170309,65.51,64.6,66.37,64.58,582119,0.0,2.72,-1.67,-1.1,1.58
20170310,65.01,65.23,65.68,64.71,280266,0.0,1.5,0.98,0.63,0.76
20170313,65.48,65.73,65.87,64.81,336506,0.0,1.63,0.77,0.5,0.91
20170314,65.63,65.14,65.99,64.93,260076,0.0,1.61,-0.9,-0.59,0.71
20170315,65.43,66.12,66.54,65.12,369661,0.0,2.18,1.5,0.98,1.0
20170316,66.21,65.4,66.96,65.18,421638,0.0,2.69,-1.09,-0.72,1.14
20170317,65.74,65.44,67.1,65.34,757155,0.0,2.69,0.06,0.04,2.06
20170320,65.57,64.59,65.66,64.52,538451,0.0,1.74,-1.3,-0.85,1.46
20170321,64.91,63.43,65.34,63.25,684305,0.0,3.24,-1.8,-1.16,1.86
20170322,63.42,64.33,64.6,63.21,595748,0.0,2.19,1.42,0.9,1.62
20170323,64.27,63.73,65.28,63.7,513834,0.0,2.46,-0.93,-0.6,1.39
20170324,64.14,65.87,67.09,63.96,997352,0.0,4.91,3.36,2.14,2.71
20170327,65.49,67.9,67.96,65.18,892179,0.0,4.22,3.08,2.03,2.42
20170328,67.9,68.38,68.73,67.72,799769,0.0,1.49,0.71,0.48,2.17
20170329,68.11,68.9,69.73,68.11,483740,0.0,2.37,0.76,0.52,1.31
20170330,68.84,69.07,69.24,68.53,276975,0.0,1.03,0.25,0.17,0.75
20170331,68.97,69.48,69.73,68.84,566824,0.0,1.29,0.59,0.41,1.54
20170403,69.47,69.6,70.28,69.0,441571,0.0,1.84,0.17,0.12,1.2
20170404,69.48,69.65,70.14,68.95,395072,0.0,1.71,0.07,0.05,1.07
20170405,69.67,70.62,71.68,69.44,708919,0.0,3.22,1.39,0.97,1.92
20170406,70.35,70.65,70.98,69.89,318107,0.0,1.54,0.04,0.03,0.86
20170407,70.55,68.99,71.03,68.94,792412,0.0,2.96,-2.35,-1.66,2.15
20170410,69.09,69.41,70.13,69.09,639338,0.0,1.51,0.61,0.42,1.74
20170411,69.33,71.02,71.02,68.99,600005,0.0,2.92,2.32,1.61,1.63
20170412,70.69,69.21,70.69,69.09,537202,0.0,2.25,-2.55,-1.81,1.46
20170413,68.73,68.05,69.43,68.04,557598,0.0,2.01,-1.68,-1.16,1.51
20170417,68.04,68.5,68.6,67.65,537909,0.0,1.4,0.66,0.45,1.46
20170418,68.26,66.63,68.72,66.2,928979,0.0,3.68,-2.73,-1.87,2.52
20170419,66.95,66.09,66.95,65.72,716570,0.0,1.85,-0.81,-0.54,1.95
20170420,66.64,67.09,67.52,64.99,933075,0.0,3.83,1.51,1.0,2.53
20170421,67.12,68.27,68.36,66.82,567288,0.0,2.3,1.76,1.18,1.54
20170424,68.92,67.28,68.93,66.92,588989,0.0,2.94,-1.45,-0.99,1.6
20170425,67.73,68.4,68.68,67.4,517925,0.0,1.9,1.66,1.12,1.41
20170426,68.34,69.17,70.26,68.14,638231,0.0,3.1,1.13,0.77,1.74
20170427,69.94,69.53,70.11,68.76,534608,0.0,1.95,0.52,0.36,1.45
20170428,69.63,68.5,69.9,68.47,499541,0.0,2.06,-1.48,-1.03,1.36
20170501,68.55,68.09,68.65,67.25,929689,0.0,2.04,-0.6,-0.41,2.53
20170502,67.92,69.91,70.73,67.35,1338195,0.0,4.96,2.67,1.82,3.64
20170503,70.94,68.66,71.4,67.4,1871145,0.0,5.72,-1.79,-1.25,5.09
20170504,67.97,71.01,71.09,67.97,1161144,0.0,4.54,3.42,2.35,3.16
20170505,71.05,70.77,71.15,70.01,574607,0.0,1.61,-0.34,-0.24,1.56
20170508,70.08,69.73,70.74,69.3,374229,0.0,2.03,-1.47,-1.04,1.02
20170509,70.06,70.36,70.52,69.51,369939,0.0,1.45,0.9,0.63,1.01
20170510,70.04,71.58,71.73,69.87,448072,0.0,2.64,1.73,1.22,1.22
20170511,71.41,72.05,72.25,70.46,453469,0.0,2.5,0.66,0.47,1.23
20170512,71.93,71.7,72.39,71.49,313638,0.0,1.25,-0.49,-0.35,0.85
20170515,71.39,71.86,72.38,71.3,343868,0.0,1.51,0.22,0.16,0.94
20170516,71.94,70.96,72.23,70.1,441283,0.0,2.96,-1.25,-0.9,1.2
20170517,69.65,68.26,70.28,68.15,723249,0.0,3.0,-3.8,-2.7,1.97
20170518,68.27,67.94,68.9,67.74,496611,0.0,1.7,-0.47,-0.32,1.35
20170519,68.0,67.82,68.41,67.09,477880,0.0,1.94,-0.18,-0.12,1.3
20170522,68.33,68.08,69.5,68.03,375865,0.0,2.17,0.38,0.26,1.02
20170523,68.36,67.83,68.38,67.35,330783,0.0,1.51,-0.37,-0.25,0.9
20170524,68.14,69.0,69.42,67.82,386151,0.0,2.36,1.72,1.17,1.05
20170525,69.04,69.12,69.83,68.74,252017,0.0,1.58,0.17,0.12,0.69
20170526,69.07,69.15,70.13,68.56,285733,0.0,2.27,0.04,0.03,0.78
20170530,68.65,69.31,70.05,68.6,434560,0.0,2.1,0.23,0.16,1.18
20170531,69.64,70.21,70.48,69.07,489554,0.0,2.03,1.3,0.9,1.33
20170601,70.44,71.6,71.62,69.74,499043,0.0,2.68,1.98,1.39,1.36
20170602,71.41,71.15,71.95,70.79,393941,0.0,1.62,-0.63,-0.45,1.07
20170605,71.1,72.51,72.68,70.39,744321,0.0,3.22,1.91,1.36,2.02
20170606,72.22,74.39,74.84,72.07,822789,0.0,3.82,2.59,1.88,2.24
20170607,74.63,72.68,74.63,72.65,582618,0.0,2.66,-2.3,-1.71,1.58
20170608,72.94,72.22,73.92,71.91,445400,0.0,2.77,-0.63,-0.46,1.21
20170609,72.42,69.05,72.49,68.61,790172,0.0,5.37,-4.39,-3.17,2.15
20170612,68.84,69.7,69.72,68.51,496840,0.0,1.75,0.94,0.65,1.35
20170613,69.84,69.69,70.38,69.35,436314,0.0,1.48,-0.01,-0.01,1.19
20170614,69.72,69.37,70.66,69.04,331792,0.0,2.32,-0.46,-0.32,0.9
20170615,68.59,67.7,68.67,66.87,443094,0.0,2.59,-2.41,-1.67,1.21
20170616,67.35,68.3,68.63,67.13,466877,0.0,2.22,0.89,0.6,1.27
20170619,67.91,65.19,67.91,64.72,1013174,0.0,4.67,-4.55,-3.11,2.76
20170620,64.94,64.73,65.25,64.03,563230,0.0,1.87,-0.71,-0.46,1.53
20170621,64.82,64.34,65.19,63.95,375121,0.0,1.92,-0.6,-0.39,1.02
20170622,64.12,63.86,64.91,63.51,311744,0.0,2.18,-0.75,-0.48,0.85
20170623,63.83,63.6,64.39,63.27,403669,0.0,1.75,-0.41,-0.26,1.1
20170626,63.69,64.47,64.89,63.48,511381,0.0,2.22,1.37,0.87,1.4
20170627,64.44,63.2,64.69,63.14,460251,0.0,2.4,-1.97,-1.27,1.26
20170628,63.57,63.64,64.22,62.87,475258,0.0,2.14,0.7,0.44,1.3
20170629,63.68,62.14,63.68,61.54,463274,0.0,3.36,-2.36,-1.5,1.27
20170630,62.35,61.4,63.29,61.37,471406,0.0,3.09,-1.19,-0.74,1.29
20170703,61.53,61.64,62.21,61.18,233934,0.0,1.68,0.39,0.24,0.64
20170705,61.57,61.51,61.72,60.37,512966,0.0,2.19,-0.21,-0.13,1.41
20170706,61.19,61.87,61.94,61.01,397838,0.0,1.51,0.59,0.36,1.09
20170707,62.2,62.25,62.83,61.94,298607,0.0,1.44,0.61,0.38,0.82
20170710,61.96,63.43,63.94,61.84,611184,0.0,3.37,1.9,1.18,1.68
20170711,63.44,64.71,64.82,63.0,522445,39073555.0,2.87,2.02,1.28,1.43
20170712,65.39,67.12,67.19,64.8,895763,68689346.0,3.69,3.72,2.41,2.46
20170713,67.13,64.63,67.3,64.57,681577,51425189.0,4.07,-3.71,-2.49,1.87
20170714,64.58,65.07,65.79,64.58,280008,21157292.0,1.87,0.68,0.44,0.77
20170717,65.12,66.24,66.28,65.09,344847,26312826.0,1.83,1.8,1.17,0.95
20170718,66.14,66.69,66.78,65.73,475165,36491721.0,1.59,0.68,0.45,1.3
20170719,66.89,65.6,67.38,65.51,482666,8637220.0,2.8,-1.63,-1.09,1.32
20170720,65.58,66.1,66.34,65.36,190375,14545906.0,1.49,0.76,0.5,0.52
20170721,66.37,66.18,66.82,65.71,295993,22660513.0,1.68,0.12,0.08,0.81
20170724,66.36,64.99,66.36,64.51,425721,32117413.0,2.8,-1.8,-1.19,1.17
20170725,65.11,64.15,65.53,64.01,968223,72346300.0,2.34,-1.29,-0.84,2.66
20170726,64.06,63.39,64.58,63.37,243398,18031605.0,1.89,-1.18,-0.76,0.67
20170727,63.54,62.94,63.65,62.24,628628,11263994.0,2.22,-0.71,-0.45,1.73
20170728,62.84,61.13,63.02,60.99,366913,26334116.0,3.23,-2.88,-1.81,1.01
20170731,61.03,60.97,62.07,60.72,1036866,12586570.0,2.21,-0.26,-0.16,2.85
20170801,61.47,60.77,61.62,60.65,693228,49504174.0,1.59,-0.33,-0.2,1.9
20170802,68.33,67.63,70.72,67.51,1804936,143382852.0,5.28,11.29,6.86,4.96
20170803,67.495,67.235,68.835,67.115,690158,53754198.0,2.54,-0.58,-0.395,1.9
20170804,67.395,66.825,67.795,66.355,417026,32092486.0,2.14,-0.61,-0.41,1.15
20170807,66.735,69.165,69.515,66.645,468246,36942221.0,4.29,3.5,2.34,1.29
20170808,68.915,67.735,69.495,67.535,407349,31859661.0,2.83,-2.07,-1.43,1.12
20170809,67.585,67.255,67.665,66.765,431104,33294575.0,1.33,-0.71,-0.48,1.18
20170810,67.115,67.735,68.635,67.115,393424,30742194.0,2.26,0.71,0.48,1.08
20170811,67.875,68.555,69.135,67.665,283457,22330804.0,2.17,1.21,0.82,0.78
20170814,69.015,68.405,69.055,67.795,721168,56720512.0,1.84,-0.22,-0.15,1.98
20170815,68.335,67.965,68.785,67.275,399867,31299593.0,2.21,-0.64,-0.44,1.1
20170816,67.915,68.135,68.695,67.825,262749,20577863.0,1.28,0.25,0.17,0.72
20170817,68.065,68.815,69.145,67.765,510269,40234236.0,2.03,1.0,0.68,1.4
20170818,68.465,68.405,68.795,67.795,366762,28790310.0,1.45,-0.6,-0.41,1.01
20170821,68.745,68.485,68.785,67.955,301268,23651716.0,1.21,0.12,0.08,0.83
20170822,68.815,70.105,70.665,68.795,369276,29594938.0,2.73,2.37,1.62,1.01
20170823,69.865,69.115,69.945,68.925,370065,29406419.0,1.45,-1.41,-0.99,1.02
20170824,69.395,67.135,69.785,67.095,318215,24817686.0,3.89,-2.86,-1.98,0.87
20170825,67.435,67.245,68.415,66.785,703172,54439639.0,2.43,0.16,0.11,1.93
20170828,67.225,66.865,67.415,66.045,379289,29178387.0,2.04,-0.57,-0.38,1.04
20170829,66.565,66.005,67.115,65.945,495829,37859816.0,1.75,-1.29,-0.86,1.36
20170830,65.705,64.955,65.935,64.355,1054159,79350964.0,2.39,-1.59,-1.05,2.89
20170831,64.955,64.655,65.415,64.495,750118,56237876.0,1.42,-0.46,-0.3,2.06
20170901,64.645,64.285,64.685,62.995,615177,45531784.0,2.61,-0.57,-0.37,1.69
20170905,63.765,62.625,64.215,61.795,708027,51454092.0,3.76,-2.58,-1.66,1.94
20170906,62.555,61.585,62.555,61.395,551054,39655350.0,1.85,-1.66,-1.04,1.51
20170907,62.435,61.785,63.445,61.415,615807,44506568.0,3.3,0.32,0.2,1.69
20170908,61.605,62.405,62.815,61.265,462258,33548277.0,2.51,1.0,0.62,1.27
20170911,62.985,64.135,64.535,62.925,545694,40504961.0,2.58,2.77,1.73,1.5
20170912,64.165,64.775,65.215,63.865,524765,39313195.0,2.1,1.0,0.64,1.44
20170913,64.715,63.545,65.685,63.415,759953,56386240.0,3.5,-1.9,-1.23,2.09
20170914,63.685,62.015,63.695,61.315,494658,35712531.0,3.75,-2.41,-1.53,1.36
20170915,62.015,62.515,63.065,61.435,589550,42783891.0,2.63,0.81,0.5,1.62
20170918,63.345,63.465,64.225,63.185,552167,40664636.0,1.66,1.52,0.95,1.52
20170919,63.515,63.495,64.045,62.965,397928,29326959.0,1.7,0.05,0.03,1.09
20170920,63.615,62.795,64.085,62.585,310683,22780821.0,2.36,-1.1,-0.7,0.85
20170921,62.795,62.395,62.805,61.765,333454,24146407.0,1.66,-0.64,-0.4,0.92
20170922,62.445,62.825,63.175,62.075,367999,26818210.0,1.76,0.69,0.43,1.01
20170925,62.535,61.455,63.295,60.805,620355,44483827.0,3.96,-2.18,-1.37,1.7
20170926,61.375,62.955,63.065,61.025,694172,50291921.0,3.32,2.44,1.5,1.91
20170927,63.315,64.565,64.935,63.235,448177,33358670.0,2.7,2.56,1.61,1.23
20170928,64.505,63.525,64.885,63.345,378126,27917829.0,2.39,-1.61,-1.04,1.04
20170929,63.385,62.935,63.595,62.675,408023,29918625.0,1.45,-0.93,-0.59,1.12
20171002,62.945,62.425,63.375,62.275,375446,27283555.0,1.75,-0.81,-0.51,1.03
20171003,61.945,60.475,62.085,59.795,821626,57927607.0,3.67,-3.12,-1.95,2.26
20171004,60.485,59.415,60.515,58.565,704289,49007886.0,3.22,-1.75,-1.06,1.93
20171005,59.885,59.385,60.335,58.545,595637,41425838.0,3.01,-0.05,-0.03,1.64
20171006,59.665,59.825,60.135,59.435,474164,33166017.0,1.18,0.74,0.44,1.3
20171009,59.705,59.365,60.095,59.325,298392,20800673.0,1.29,-0.77,-0.46,0.82
20171010,59.575,60.315,60.655,59.525,529954,37262745.0,1.9,1.6,0.95,1.46
20171011,60.475,61.455,62.005,60.415,932235,66767509.0,2.64,1.89,1.14,2.56
20171012,60.445,60.735,61.495,59.805,853433,60696146.0,2.75,-1.17,-0.72,2.34
20171013,60.695,60.485,60.695,59.795,420337,29636974.0,1.48,-0.41,-0.25,1.15
20171016,60.565,59.805,60.975,59.755,344826,24187643.0,2.02,-1.12,-0.68,0.95
20171017,59.505,60.295,61.145,59.215,461053,32543426.0,3.23,0.82,0.49,1.27
20171018,60.125,59.645,60.255,59.025,391908,27333180.0,2.04,-1.08,-0.65,1.08
20171019,59.315,60.505,60.715,59.225,286805,20183916.0,2.5,1.44,0.86,0.79
20171020,60.835,59.365,60.985,59.355,547391,38261957.0,2.69,-1.88,-1.14,1.5
20171023,59.285,58.825,59.795,58.805,513236,35593162.0,1.67,-0.91,-0.54,1.41
20171024,58.475,57.455,58.795,56.945,813776,55147963.0,3.14,-2.33,-1.37,2.32
20171025,57.095,57.385,57.725,55.815,796379,53317324.0,3.32,-0.12,-0.07,2.27
20171026,57.835,58.395,58.975,56.985,435547,29906259.0,3.47,1.76,1.01,1.24
20171027,58.355,58.175,58.825,57.735,538727,36884213.0,1.87,-0.38,-0.22,1.54
20171030,57.995,56.905,58.335,56.285,708050,47403256.0,3.52,-2.18,-1.27,2.02
20171031,57.125,57.915,58.095,56.375,1137232,76895954.0,3.02,1.77,1.01,3.25
20171101,55.365,52.125,57.615,49.225,4978382,311466624.0,14.49,-10.0,-5.79,14.21
20171102,51.325,52.885,54.735,50.865,2033052,128661490.0,7.42,1.46,0.76,5.8
20171103,52.875,51.335,53.665,50.965,993718,61678002.0,5.11,-2.93,-1.55,2.84
20171106,51.19,48.77,51.33,48.73,1084409,64430399.0,5.06,-5.0,-2.565,3.09
20171107,48.63,47.75,49.65,47.47,728160,42272930.0,4.47,-2.09,-1.02,2.08
20171108,47.72,47.59,48.3,47.41,611424,35267301.0,1.86,-0.34,-0.16,1.74
20171109,47.31,48.55,48.6,47.31,445575,25818313.0,2.71,2.02,0.96,1.27
20171110,49.09,49.62,50.23,48.98,1072906,63747621.0,2.57,2.2,1.07,3.06
20171113,49.39,48.68,50.02,48.62,579640,34351484.0,2.82,-1.89,-0.94,1.65
20171114,49.24,49.35,50.6,49.11,944424,56415780.0,3.06,1.38,0.67,2.7
20171115,49.0,47.99,49.38,47.97,703695,40932299.0,2.86,-2.76,-1.36,2.01
20171116,48.16,48.64,48.94,47.67,700679,40892285.0,2.65,1.35,0.65,2.0
20171117,48.26,47.58,48.66,47.57,924419,53513397.0,2.24,-2.18,-1.06,2.64
20171120,47.79,47.64,48.49,46.8,946953,54391802.0,3.55,0.13,0.06,2.7
20171121,47.81,47.67,48.05,47.25,672823,38796641.0,1.68,0.06,0.03,1.92
20171122,47.85,47.09,47.97,47.04,403141,23071518.0,1.95,-1.22,-0.58,1.15
20171124,47.1,46.36,47.16,46.3,263270,14895475.0,1.83,-1.55,-0.73,0.75
20171127,46.37,46.55,47.13,46.22,563063,31751957.0,1.96,0.41,0.19,1.61
20171128,46.79,46.15,46.79,45.14,1225219,68338508.0,3.54,-0.86,-0.4,3.5
20171129,46.33,47.4,48.06,46.14,871185,49950012.0,4.16,2.71,1.25,2.49
20171130,47.94,48.55,48.68,47.56,680173,39642712.0,2.36,2.43,1.15,1.94
20171201,48.67,50.05,50.06,46.24,1886774,110307077.0,7.87,3.09,1.5,5.38
20171204,50.6,50.41,51.19,49.94,1103272,66713961.0,2.5,0.72,0.36,3.15
20171205,50.57,50.65,50.73,49.38,685899,41330595.0,2.68,0.48,0.24,1.96
20171206,50.85,47.36,50.94,47.32,1103197,64182456.0,7.15,-6.5,-3.29,3.15
20171207,47.51,46.76,48.3,46.73,774046,44105127.0,3.32,-1.27,-0.6,2.21
20171208,46.71,47.66,47.71,45.2,1400215,79261645.0,5.37,1.92,0.9,4.0
20171211,47.74,48.4,48.47,47.44,662460,38469778.0,2.16,1.55,0.74,1.89
20171212,48.18,47.92,48.3,47.17,613500,35476752.0,2.33,-0.99,-0.48,1.75
20171213,48.02,48.25,48.88,47.5,463572,26984728.0,2.88,0.69,0.33,1.32
20171214,48.48,47.51,48.53,47.3,618883,35683093.0,2.55,-1.53,-0.74,1.77
20171215,47.57,46.94,47.94,46.71,1498769,85334931.0,2.59,-1.2,-0.57,4.28
20171218,47.03,47.8,48.02,46.32,997138,57130646.0,3.62,1.83,0.86,2.85
20171219,47.99,50.19,50.47,47.85,1241242,73821060.0,5.48,5.0,2.39,3.54
20171220,50.5,49.34,50.56,49.18,583510,34749123.0,2.75,-1.69,-0.85,1.67
20171221,49.31,49.32,50.07,49.14,534486,31791743.0,1.88,-0.04,-0.02,1.53
20171222,48.97,46.99,49.74,46.72,1946330,111624944.0,6.12,-4.72,-2.33,5.55
20171226,47.26,46.96,47.94,46.39,765951,43472341.0,3.3,-0.06,-0.03,2.19
20171227,46.89,47.44,47.78,46.79,406108,23268859.0,2.11,1.02,0.48,1.16
20171228,47.63,47.22,48.1,47.14,400590,22995654.0,2.02,-0.46,-0.22,1.14
20171229,47.34,46.2,47.45,46.18,533376,30155574.0,2.69,-2.16,-1.02,1.52
20180102,46.38,47.14,47.82,45.94,724562,41431780.0,4.07,2.03,0.94,2.14
20180103,47.09,48.04,48.46,46.89,628515,36326553.0,3.33,1.91,0.9,1.85
20180104,48.44,48.74,49.3,48.1,678800,39710496.0,2.5,1.46,0.7,2.0
20180105,49.07,48.86,49.35,48.68,500753,29491881.0,1.37,0.25,0.12,1.48
20180108,48.66,48.88,48.93,47.77,842787,49240465.0,2.37,0.04,0.02,2.48
20180109,48.92,50.14,50.21,48.22,1073850,63718019.0,4.07,2.58,1.26,3.16
20180110,50.14,49.27,50.24,48.67,750685,44326707.0,3.13,-1.74,-0.87,2.21
20180111,49.24,50.0,50.14,49.09,629384,37578644.0,2.13,1.48,0.73,1.85
20180112,50.16,51.13,51.27,50.04,802539,48833757.0,2.46,2.26,1.13,2.37
20180116,51.3,50.54,52.07,50.41,828278,50450098.0,3.25,-1.15,-0.59,2.44
20180117,50.22,49.18,50.31,48.21,1753002,103409507.0,4.16,-2.69,-1.36,5.17
20180118,48.11,53.87,54.07,48.11,2646997,165205808.0,12.12,9.54,4.69,7.8
20180119,54.06,52.84,54.74,51.26,1798942,112887685.0,6.46,-1.91,-1.03,5.3
20180122,52.64,57.69,57.85,52.53,2568341,170083682.0,10.07,9.18,4.85,7.57
20180123,58.17,58.71,59.54,56.31,2254861,154029915.0,5.6,1.77,1.02,6.65
20180124,59.29,56.07,59.29,54.69,1413748,93565225.0,7.84,-4.5,-2.64,4.17
20180125,56.12,55.0,56.32,54.72,973815,63354981.0,2.85,-1.91,-1.07,2.87
20180126,55.16,55.48,55.62,54.05,883094,57286000.0,2.85,0.87,0.48,2.6
20180129,54.99,54.54,55.13,53.09,960361,61513396.0,3.68,-1.69,-0.94,2.83
20180130,54.12,54.09,54.71,53.76,754660,48417077.0,1.74,-0.83,-0.45,2.22
20180131,54.41,54.98,55.54,54.09,632489,40923076.0,2.68,1.65,0.89,1.86
20180201,54.8,53.8,55.34,53.74,485143,31117494.0,2.91,-2.15,-1.18,1.43
20180202,53.32,51.26,53.5,51.09,955796,59089375.0,4.48,-4.72,-2.54,2.82
20180205,50.61,47.5,51.04,46.71,2104547,123681017.0,8.45,-7.34,-3.76,6.2
20180206,46.35,47.83,49.48,45.82,1153672,66811726.0,7.71,0.69,0.33,3.4
20180207,47.84,47.69,48.66,47.26,738638,42659781.0,2.93,-0.29,-0.14,2.18
20180208,47.59,46.42,49.06,46.37,920454,52477281.0,5.64,-2.66,-1.27,2.71
20180209,46.715,47.425,47.935,45.375,1275516,71736186.0,5.51,2.17,1.005,3.76
20180212,47.515,48.345,48.545,46.805,743722,42906854.0,3.67,1.94,0.92,2.19
20180213,48.195,47.815,48.705,47.345,794054,45877295.0,2.81,-1.1,-0.53,2.34
20180214,47.665,48.995,49.645,47.485,509027,29714776.0,4.52,2.47,1.18,1.5
20180215,49.575,49.895,50.415,49.065,471111,28003590.0,2.76,1.84,0.9,1.39
20180216,49.495,47.635,49.615,47.625,1154340,67065094.0,3.99,-4.53,-2.26,3.4
20180220,47.165,47.645,48.025,46.005,1130789,64261510.0,4.24,0.02,0.01,3.37
20180221,47.835,47.235,48.685,47.215,807258,46453046.0,3.09,-0.86,-0.41,2.41
20180222,47.715,46.705,48.425,46.295,626347,35554512.0,4.51,-1.12,-0.53,1.87
20180223,47.085,47.515,48.315,47.085,900025,51550227.0,2.63,1.73,0.81,2.68
20180226,47.835,47.585,48.355,46.555,1041668,59413385.0,3.79,0.15,0.07,3.11
20180227,48.015,46.675,49.805,46.595,1654294,94954182.0,6.75,-1.91,-0.91,4.93
20180228,44.315,48.055,49.465,44.315,4417364,255710260.0,11.03,2.96,1.38,13.17
20180301,48.775,50.355,51.025,47.895,2230071,132839569.0,6.51,4.79,2.3,6.65
20180302,49.735,50.975,51.835,48.835,1549609,93526087.0,5.96,1.23,0.62,4.62
20180305,50.895,52.325,52.595,50.375,1278620,78974321.0,4.36,2.65,1.35,3.81
20180306,52.645,51.445,52.925,50.915,758814,46471092.0,3.84,-1.68,-0.88,2.26
20180307,50.995,50.265,51.685,50.085,628069,37799311.0,3.11,-2.29,-1.18,1.87
20180308,50.275,50.755,52.605,50.185,766107,46641099.0,4.81,0.97,0.49,2.28
20180309,51.275,52.135,52.185,50.555,661934,40462444.0,3.21,2.72,1.38,1.97
20180312,52.015,53.085,53.175,51.755,1377800,85952124.0,2.72,1.82,0.95,4.28
20180313,53.315,52.115,54.035,51.855,886304,55060746.0,4.11,-1.83,-0.97,2.75
20180314,52.335,50.195,52.465,49.995,720249,43474254.0,4.74,-3.68,-1.92,2.24
20180315,50.345,49.445,50.685,49.415,814490,48563500.0,2.53,-1.49,-0.75,2.53
20180316,49.345,49.325,50.175,49.185,1027291,60809208.0,2.0,-0.24,-0.12,3.19
20180319,49.165,49.445,49.635,48.915,1070805,63139074.0,1.46,0.24,0.12,3.32
20180320,49.645,49.275,49.925,48.795,707517,41696442.0,2.29,-0.34,-0.17,2.2
20180321,49.075,48.555,49.695,48.445,692284,40713872.0,2.54,-1.46,-0.72,2.15
20180322,48.305,46.945,48.535,46.915,655278,37416099.0,3.34,-3.32,-1.61,2.03
20180323,47.075,46.715,47.905,46.605,709189,40293125.0,2.77,-0.49,-0.23,2.2
20180326,47.195,46.245,47.365,45.995,714576,40051461.0,2.93,-1.01,-0.47,2.22
20180327,46.265,47.245,47.835,46.115,924787,52625803.0,3.72,2.16,1.0,2.87
20180328,47.155,48.005,48.075,46.465,615541,35346624.0,3.41,1.61,0.76,1.91
20180329,48.055,47.615,48.595,47.495,851992,49149776.0,2.29,-0.81,-0.39,2.64
20180402,47.305,49.275,49.595,47.305,1245265,73133487.0,4.81,3.49,1.66,3.89
20180403,49.995,51.085,51.265,49.335,1057518,63745839.0,3.92,3.67,1.81,3.3
20180404,50.605,52.835,53.035,50.045,857280,52876041.0,5.85,3.43,1.75,2.68
20180405,53.035,52.845,53.195,51.795,657913,41052468.0,2.65,0.02,0.01,2.05
20180406,52.475,52.435,53.855,51.695,685256,42777522.0,4.09,-0.78,-0.41,2.14
20180409,52.735,52.135,52.735,51.645,561461,34776860.0,2.08,-0.57,-0.3,1.75
20180410,52.575,52.735,52.915,51.785,841159,52349236.0,2.17,1.15,0.6,2.63
20180411,52.475,52.475,53.385,52.125,404184,25232695.0,2.39,-0.49,-0.26,1.26
20180412,52.885,51.945,52.885,50.835,513334,31717010.0,3.91,-1.01,-0.53,1.6
20180413,52.055,51.365,52.055,51.045,715572,43738934.0,1.94,-1.12,-0.58,2.23
20180416,51.775,51.085,52.115,50.805,587620,35784924.0,2.55,-0.55,-0.28,1.83
20180417,51.165,51.895,52.275,50.715,401940,24693621.0,3.05,1.59,0.81,1.26
20180418,51.905,51.785,52.725,51.235,381636,23580062.0,2.87,-0.21,-0.11,1.19
20180419,51.745,51.505,52.555,51.195,568559,34815386.0,2.63,-0.54,-0.28,1.78
20180420,51.305,51.935,52.275,50.935,517402,31871824.0,2.6,0.83,0.43,1.62
20180423,52.215,52.505,53.065,51.555,532557,33086529.0,2.91,1.1,0.57,1.66
20180424,52.715,51.765,52.715,51.335,482060,29619573.0,2.63,-1.41,-0.74,1.51
20180425,51.755,52.715,53.195,51.735,558312,34794673.0,2.82,1.84,0.95,1.74
20180426,52.935,53.195,54.485,52.585,654025,41464076.0,3.6,0.91,0.48,2.04
20180427,53.315,52.605,53.755,52.545,599115,37579857.0,2.27,-1.11,-0.59,1.87
20180430,52.725,52.315,53.485,51.955,582714,36225096.0,2.91,-0.55,-0.29,1.82
20180501,52.165,53.445,53.525,51.265,914892,57197976.0,4.32,2.16,1.13,2.84
20180502,53.185,51.635,53.185,51.535,521660,32247887.0,3.09,-3.39,-1.81,1.62
20180503,50.995,49.515,50.995,48.615,955883,56489051.0,4.61,-4.11,-2.12,2.97
20180504,49.335,50.415,50.795,48.555,743016,44379338.0,4.52,1.82,0.9,2.31
20180507,50.555,49.435,50.915,49.325,837152,49679069.0,3.15,-1.94,-0.98,2.6
20180508,49.365,49.045,49.825,48.895,1433725,84578461.0,1.88,-0.79,-0.39,4.45
20180509,46.315,46.865,47.265,42.345,3169714,176038549.0,10.03,-4.44,-2.18,9.85
20180510,46.725,47.005,47.645,46.395,903348,51099512.0,2.67,0.3,0.14,2.81
20180511,47.04,43.09,47.12,43.04,2835428,151618861.0,8.68,-8.33,-3.915,8.81
20180514,43.02,41.4,43.1,40.85,2586731,132701315.0,5.22,-3.92,-1.69,8.03
20180515,41.45,42.43,42.47,41.05,1183856,60784982.0,3.43,2.49,1.03,3.68
20180516,42.43,43.19,43.54,42.43,1258312,66175676.0,2.62,1.79,0.76,3.91
20180517,43.09,42.45,43.29,42.14,802714,41728307.0,2.66,-1.71,-0.74,2.49
20180518,42.57,41.43,42.57,41.3,1243636,63472960.0,2.99,-2.4,-1.02,3.86
20180521,41.56,41.09,41.92,41.05,997991,50681314.0,2.1,-0.82,-0.34,3.1
20180522,41.21,41.74,42.03,41.21,651017,33304604.0,2.0,1.58,0.65,2.02
20180523,41.69,42.83,43.9,41.52,1926964,100624649.0,5.7,2.61,1.09,5.99
20180524,42.74,43.29,43.68,42.42,549763,28968714.0,2.94,1.07,0.46,1.71
20180525,43.25,43.17,43.98,42.98,550762,29087971.0,2.31,-0.28,-0.12,1.71
20180529,42.84,42.18,42.93,41.85,881565,45637310.0,2.5,-2.29,-0.99,2.74
20180530,42.45,42.71,43.13,42.01,540420,28193703.0,2.66,1.26,0.53,1.68
20180531,42.54,41.89,42.98,41.79,429832,22177931.0,2.79,-1.92,-0.82,1.34
20180601,42.11,41.8,42.58,41.64,406998,20928065.0,2.24,-0.21,-0.09,1.26
20180604,42.01,41.61,42.22,41.26,442499,22610050.0,2.3,-0.45,-0.19,1.37
20180605,41.5,41.82,42.18,41.05,823172,42192171.0,2.72,0.5,0.21,2.56
20180606,41.93,42.29,42.43,41.45,527946,27273856.0,2.34,1.12,0.47,1.64
20180607,42.47,42.42,42.79,41.89,455061,23587586.0,2.13,0.31,0.13,1.41
20180608,42.12,42.54,42.64,41.8,458278,23794135.0,1.98,0.28,0.12,1.42
20180611,42.5,42.71,43.0,42.1,643612,33540965.0,2.12,0.4,0.17,2.0
20180612,42.92,43.68,44.02,42.66,1147422,60669796.0,3.18,2.27,0.97,3.56
20180613,43.88,42.1,43.92,41.8,672900,34931728.0,4.85,-3.62,-1.58,2.09
20180614,42.25,42.74,43.36,42.12,824942,43169153.0,2.95,1.52,0.64,2.56
20180615,42.03,41.85,42.13,40.08,1268811,64499125.0,4.8,-2.08,-0.89,3.94
20180618,41.79,42.63,42.87,41.71,1024316,53273359.0,2.77,1.86,0.78,3.18
20180619,42.49,42.53,42.91,42.22,851999,44330532.0,1.62,-0.23,-0.1,2.65
20180620,42.39,45.41,48.74,41.64,4163402,227867725.0,16.69,6.77,2.88,12.93
20180621,45.3,46.41,47.28,44.69,877669,49061859.0,5.7,2.2,1.0,2.73
20180622,46.7,44.87,46.97,44.58,1695999,92738336.0,5.15,-3.32,-1.54,5.27
20180625,44.76,41.88,45.0,41.83,906544,47367381.0,7.06,-6.66,-2.99,2.82
20180626,41.89,41.63,42.22,41.15,939960,48107393.0,2.55,-0.6,-0.25,2.92
20180627,41.63,41.63,42.24,41.45,777318,39758546.0,1.9,0.0,0.0,2.41
20180628,41.55,42.3,42.47,40.93,586139,30091156.0,3.7,1.61,0.67,1.82
20180629,42.42,41.26,42.42,41.09,679626,34550125.0,3.14,-2.46,-1.04,2.11
20180702,41.01,40.6,41.17,39.98,705006,35259848.0,2.88,-1.6,-0.66,2.23
20180703,40.92,40.88,41.52,40.66,248955,12589483.0,2.12,0.69,0.28,0.79
20180705,41.18,41.6,41.68,40.56,598805,30399610.0,2.74,1.76,0.72,1.9
20180706,41.69,41.81,42.53,41.66,345066,17771872.0,2.09,0.5,0.21,1.09
20180709,41.85,41.72,42.51,41.7,457932,23568250.0,1.94,-0.22,-0.09,1.45
20180710,41.66,41.33,41.78,40.74,411475,20852720.0,2.49,-0.93,-0.39,1.3
20180711,41.21,38.87,41.65,38.34,3289949,161172845.0,8.01,-5.95,-2.46,10.43
20180712,41.44,44.21,46.37,41.15,6267831,337015520.0,13.43,13.74,5.34,19.87
20180713,44.26,44.09,46.06,43.72,2187981,118406461.0,5.29,-0.27,-0.12,6.94
20180716,43.53,41.95,43.54,40.69,2771118,143348165.0,6.46,-4.85,-2.14,8.78
20180717,41.59,42.08,42.29,41.14,876253,44960620.0,2.74,0.31,0.13,2.78
20180718,42.18,44.14,45.71,41.33,5659940,302881808.0,10.41,4.9,2.06,17.94
20180719,43.74,41.54,44.42,41.24,2714121,140851216.0,7.2,-5.89,-2.6,8.6
20180720,41.81,42.13,42.9,41.55,1368486,70811293.0,3.25,1.42,0.59,4.34
20180723,39.74,37.1,40.78,36.6,6655511,314710352.0,9.92,-11.94,-5.03,21.1
20180724,37.16,36.51,37.92,36.0,3332503,154091282.0,5.18,-1.59,-0.59,10.56
20180725,36.68,35.22,36.77,34.47,3136557,140287545.0,6.3,-3.53,-1.29,9.94
20180726,35.3,34.99,35.99,34.49,1825288,81407372.0,4.26,-0.65,-0.23,5.79
20180727,35.17,33.66,35.17,32.94,2063453,89039818.0,6.37,-3.8,-1.33,6.54
20180730,33.58,32.6,34.52,32.35,2225872,95206851.0,6.45,-3.15,-1.06,7.06
20180731,32.37,32.5,33.07,31.19,2027714,84301505.0,5.77,-0.31,-0.1,6.41
20180801,33.3,32.81,33.38,32.47,1517730,64351213.0,2.8,0.95,0.31,4.8
20180802,32.81,32.9,33.24,31.97,2014204,84557409.0,3.87,0.27,0.09,6.37
20180803,33.0,32.83,33.83,32.32,1972434,83836293.0,4.59,-0.21,-0.07,6.24
20180806,32.59,32.87,33.08,31.98,1587786,66990536.0,3.35,0.12,0.04,5.02
20180807,32.86,31.61,33.02,31.51,3035197,125758328.0,4.59,-3.83,-1.26,9.6
20180808,29.39,29.48,31.58,28.59,7691423,302207360.0,9.46,-6.74,-2.13,24.32
20180809,29.84,31.99,33.13,29.69,4626683,190679421.0,11.67,8.51,2.51,14.63
20180810,31.795,31.025,32.955,30.945,1936816,78921220.0,6.28,-3.02,-0.965,6.13
20180813,32.065,32.575,33.195,31.125,2796146,116193249.0,6.67,5.0,1.55,8.84
20180814,32.985,33.765,34.215,32.585,2320453,99416769.0,5.0,3.65,1.19,7.34
20180815,34.465,33.345,34.585,33.065,1655815,70936552.0,4.5,-1.24,-0.42,5.24
20180816,33.285,34.485,34.575,33.095,1321896,57373991.0,4.44,3.42,1.14,4.18
20180817,34.185,34.695,35.605,33.885,2025481,89106258.0,4.99,0.61,0.21,6.41
20180820,34.555,33.485,35.065,33.225,1156033,49583677.0,5.3,-3.49,-1.21,3.66
20180821,33.275,33.685,35.395,32.965,2238646,96887326.0,7.26,0.6,0.2,7.08
20180822,33.335,33.505,34.305,33.065,981963,42186022.0,3.68,-0.53,-0.18,3.11
20180823,33.515,33.495,33.995,33.185,604677,25844357.0,2.42,-0.03,-0.01,1.91
20180824,33.485,35.465,36.055,33.355,4845050,215121892.0,8.06,5.88,1.97,15.32
20180827,36.005,35.775,36.215,35.285,1947690,87631839.0,2.62,0.87,0.31,6.16
20180828,36.085,36.605,36.765,35.975,1440684,65872381.0,2.21,2.32,0.83,4.56
20180829,36.855,37.305,37.705,36.765,1976460,92289306.0,2.57,1.91,0.7,6.25
20180830,37.545,36.885,37.645,36.645,1046691,48294168.0,2.68,-1.13,-0.42,3.31
20180831,36.685,36.885,37.715,36.635,909636,42024229.0,2.93,0.0,0.0,2.88
20180904,36.905,36.555,37.115,36.195,902517,41330864.0,2.49,-0.89,-0.33,2.85
20180905,36.545,36.785,36.965,36.265,712222,32617566.0,1.91,0.63,0.23,2.25
20180906,36.985,36.945,37.205,36.715,564809,26068414.0,1.33,0.43,0.16,1.79
20180907,36.255,36.675,37.065,35.835,1013860,46521611.0,3.33,-0.73,-0.27,3.21
20180910,36.715,37.265,37.355,36.205,945029,43780042.0,3.14,1.61,0.59,2.99
20180911,37.025,37.515,37.965,36.775,1182634,55271224.0,3.19,0.67,0.25,3.74
20180912,37.515,37.155,37.735,37.125,799297,37184303.0,1.63,-0.96,-0.36,2.53
20180913,37.425,37.745,37.765,37.045,490574,22900241.0,1.94,1.59,0.59,1.55
20180914,37.685,37.605,37.765,36.985,596811,27917122.0,2.07,-0.37,-0.14,1.89
20180917,37.605,37.145,37.605,36.975,762131,35401371.0,1.68,-1.22,-0.46,2.41
20180918,37.095,37.095,37.425,37.015,798664,37044349.0,1.1,-0.13,-0.05,2.53
20180919,37.025,37.365,37.525,36.965,811685,37791169.0,1.51,0.73,0.27,2.57
20180920,37.655,37.475,38.155,37.155,990514,46295450.0,2.68,0.29,0.11,3.13
20180921,37.595,36.995,38.165,36.975,1201889,56001115.0,3.18,-1.28,-0.48,3.8
20180924,36.845,37.085,37.135,35.675,1181802,53994908.0,3.95,0.24,0.09,3.74
20180925,37.155,36.975,37.775,36.955,772748,35935366.0,2.21,-0.3,-0.11,2.44
20180926,37.155,40.905,42.035,36.465,9316086,462891376.0,15.06,10.63,3.93,29.46
20180927,41.085,41.825,41.915,40.705,1662013,84274745.0,2.96,2.25,0.92,5.26
20180928,41.925,42.045,42.185,41.485,1305033,66893853.0,1.67,0.53,0.22,4.13
20181001,42.555,40.035,42.715,39.565,1367042,68060591.0,7.49,-4.78,-2.01,4.36
20181002,41.445,40.915,41.665,40.025,1022212,51240834.0,4.1,2.2,0.88,3.26
20181003,40.765,40.545,41.535,40.515,732414,36725522.0,2.49,-0.9,-0.37,2.34
20181004,40.325,41.265,41.695,40.325,1076826,54176559.0,3.38,1.78,0.72,3.43
20181005,40.925,41.115,41.495,40.125,680055,34039691.0,3.32,-0.36,-0.15,2.17
20181008,39.915,41.185,41.315,39.915,693896,34807284.0,3.41,0.17,0.07,2.21
20181009,44.335,45.665,45.735,44.225,3609981,196561631.0,3.67,10.88,4.48,11.51
20181010,45.185,44.775,45.615,44.135,1474570,79378180.0,3.24,-1.95,-0.89,4.7
20181011,44.565,43.185,44.715,42.955,1229111,64898058.0,3.93,-3.55,-1.59,3.92
20181012,43.655,43.675,44.185,42.295,1361263,71696607.0,4.38,1.13,0.49,4.34
20181015,44.485,42.775,44.585,42.745,746772,39328014.0,4.21,-2.06,-0.9,2.38
20181016,42.935,43.105,43.635,42.175,970640,50662370.0,3.41,0.77,0.33,3.09
20181017,43.045,44.585,44.725,42.735,728340,38754175.0,4.62,3.43,1.48,2.32
20181018,44.575,44.185,45.175,43.925,712811,38260670.0,2.8,-0.9,-0.4,2.27
20181019,43.825,43.205,44.615,43.045,702331,37112376.0,3.55,-2.22,-0.98,2.24
20181022,44.605,42.965,44.725,42.885,557415,29322198.0,4.26,-0.56,-0.24,1.78
20181023,42.435,42.735,43.285,42.005,510373,26543483.0,2.98,-0.54,-0.23,1.63
20181024,42.715,42.625,43.795,42.525,499790,26181775.0,2.97,-0.26,-0.11,1.59
20181025,43.055,43.355,44.105,42.755,507233,26672857.0,3.17,1.71,0.73,1.62
20181026,43.065,41.945,43.065,41.525,603626,30990482.0,3.55,-3.25,-1.41,1.92
20181029,42.425,39.635,42.725,39.025,941846,46795503.0,8.82,-5.51,-2.31,3.0
20181030,39.745,44.425,44.625,39.175,3082641,161611828.0,13.75,12.09,4.79,9.77
20181031,44.755,45.305,46.215,44.115,1018225,55542485.0,4.73,1.98,0.88,3.23
20181101,45.595,45.525,46.445,45.395,573122,31547137.0,2.32,0.49,0.22,1.82
20181102,45.715,45.705,46.495,44.485,700758,38338625.0,4.42,0.4,0.18,2.22
20181105,46.035,45.285,46.255,45.125,513285,28108275.0,2.47,-0.92,-0.42,1.63
20181106,45.035,44.235,45.845,43.585,1604924,86446513.0,4.99,-2.32,-1.05,5.09
20181107,44.775,47.165,47.825,44.765,1782247,100284035.0,6.92,6.62,2.93,5.65
20181108,46.39,46.39,47.59,45.44,689874,38313186.0,4.56,-1.64,-0.775,2.19
20181109,46.27,46.2,46.69,45.09,765035,42144459.0,3.45,-0.41,-0.19,2.43
20181112,45.9,46.9,47.83,45.46,698330,39107571.0,5.13,1.52,0.7,2.21
20181113,46.94,46.77,47.35,46.08,478999,26642531.0,2.71,-0.28,-0.13,1.52
20181114,46.94,47.22,47.76,46.6,455680,25643287.0,2.48,0.96,0.45,1.44
20181115,47.23,50.03,51.55,45.89,2373054,138395547.0,11.99,5.95,2.81,7.52
20181116,49.49,49.91,51.07,48.1,1176419,69547085.0,5.94,-0.24,-0.12,3.73
20181119,49.68,48.4,49.68,47.09,881143,50421318.0,5.19,-3.03,-1.51,2.79
20181120,47.53,49.18,49.86,47.16,724269,42046175.0,5.58,1.61,0.78,2.3
20181121,49.18,48.41,49.86,48.35,601733,34898610.0,3.07,-1.57,-0.77,1.91
20181123,47.8,48.28,49.16,47.51,178740,10283093.0,3.41,-0.27,-0.13,0.57
20181126,48.77,48.66,49.19,48.11,554456,32012539.0,2.24,0.79,0.38,1.76
20181127,48.37,42.76,49.84,39.59,6225631,318502528.0,21.06,-12.12,-5.9,19.74
20181128,41.74,38.87,42.64,38.46,2713883,131344259.0,9.78,-9.1,-3.89,8.6
20181129,38.82,39.19,40.4,38.79,1268179,61544675.0,4.14,0.82,0.32,4.02
20181130,39.19,38.98,39.76,38.5,736533,35334993.0,3.22,-0.54,-0.21,2.34
20181203,39.34,37.76,39.5,37.41,827856,38774453.0,5.36,-3.13,-1.22,2.62
20181204,37.61,36.9,37.98,36.31,1086854,50109462.0,4.42,-2.28,-0.86,3.45
20181206,36.16,36.81,37.2,36.16,738185,33784229.0,2.82,-0.24,-0.09,2.34
20181207,36.63,36.07,37.61,36.0,920439,42148193.0,4.37,-2.01,-0.74,2.92
20181210,36.65,34.99,37.06,34.88,748154,33357385.0,6.04,-2.99,-1.08,2.37
20181211,35.65,35.51,35.93,34.24,712591,31514024.0,4.83,1.49,0.52,2.26
20181212,35.65,35.85,36.53,34.93,522437,23476518.0,4.51,0.96,0.34,1.66
20181213,36.03,37.05,37.35,35.71,949505,43483415.0,4.57,3.35,1.2,3.01
20181214,36.78,36.4,37.09,36.05,537082,24406575.0,2.81,-1.75,-0.65,1.7
20181217,36.39,35.52,36.39,34.99,674815,30014805.0,3.85,-2.42,-0.88,2.14
20181218,36.2,35.45,36.36,34.81,637798,28324573.0,4.36,-0.2,-0.07,2.02
20181219,35.77,34.33,36.05,33.8,520970,22965889.0,6.35,-3.16,-1.12,1.65
20181220,34.31,33.22,34.43,32.47,481002,20330039.0,5.71,-3.23,-1.11,1.52
20181221,33.43,31.81,33.7,31.72,917587,38063782.0,5.96,-4.24,-1.41,2.91
20181224,31.68,31.66,31.99,31.09,351741,14268103.0,2.83,-0.47,-0.15,1.12
20181226,31.75,32.84,33.17,31.57,511049,21287615.0,5.05,3.73,1.18,1.62
20181227,32.65,31.87,32.76,31.18,360111,14671643.0,4.81,-2.95,-0.97,1.14
20181228,31.99,31.42,32.27,31.02,547310,22203973.0,3.92,-1.41,-0.45,1.74
20181231,31.43,30.8,31.94,30.3,667041,26551339.0,5.22,-1.97,-0.62,2.13
20190102,30.63,31.12,31.65,29.91,370186,14812530.0,5.65,1.04,0.32,1.18
20190103,30.78,31.29,31.94,30.33,359136,14513955.0,5.17,0.55,0.17,1.14
20190104,31.69,32.73,32.77,31.23,490122,20377053.0,4.92,4.6,1.44,1.56
20190107,32.7,33.72,34.02,32.44,553497,23602885.0,4.83,3.02,0.99,1.76
20190108,34.04,34.71,34.73,33.4,541192,23403615.0,3.94,2.94,0.99,1.73
20190109,34.75,33.62,34.99,33.48,550571,23685380.0,4.35,-3.14,-1.09,1.75
20190110,33.48,33.47,34.1,33.15,371660,15825279.0,2.83,-0.45,-0.15,1.18
20190111,33.4,33.55,33.76,32.98,420020,17829341.0,2.33,0.24,0.08,1.34
20190114,33.41,33.41,34.75,32.99,534463,22947377.0,5.25,-0.42,-0.14,1.7
20190115,33.57,33.48,33.9,33.0,441365,18750201.0,2.69,0.21,0.07,1.41
20190116,33.28,33.19,33.88,32.9,420243,17751796.0,2.93,-0.87,-0.29,1.34
20190117,33.17,33.94,34.05,33.06,623877,26654537.0,2.98,2.26,0.75,1.99
20190118,34.09,33.85,34.68,33.36,571845,24569418.0,3.89,-0.27,-0.09,1.82
20190122,33.74,32.62,33.85,32.5,448199,18807272.0,3.99,-3.63,-1.23,1.43
20190123,32.88,35.81,36.19,32.72,2371766,104803325.0,10.64,9.78,3.19,7.56
20190124,35.77,36.69,37.03,35.25,750403,34021063.0,4.97,2.46,0.88,2.39
20190125,36.92,33.17,37.19,33.1,1363020,58605160.0,11.15,-9.59,-3.52,4.34
20190128,32.99,33.63,34.18,32.17,695029,29486079.0,6.06,1.39,0.46,2.22
20190129,33.59,33.32,33.99,32.63,498293,21063195.0,4.04,-0.92,-0.31,1.59
20190130,33.49,33.13,34.09,33.0,714205,30215437.0,3.27,-0.57,-0.19,2.28
20190131,33.23,33.28,33.79,33.02,621136,26329849.0,2.32,0.45,0.15,1.98
20190201,32.82,29.5,33.7,29.28,6877937,269236144.0,13.28,-11.36,-3.78,21.92
20190204,32.38,32.96,34.59,32.29,7884566,334691040.0,7.8,11.73,3.46,24.9
20190205,33.02,34.74,35.38,32.79,3401885,147763720.0,7.86,5.4,1.78,10.74
20190206,34.79,33.92,35.24,33.58,1360333,58583304.0,4.78,-2.36,-0.82,4.3
20190207,33.86,34.68,35.0,33.64,864758,37745593.0,4.01,2.24,0.76,2.73
20190208,34.175,34.195,34.605,33.485,1033608,44157791.0,3.23,-1.4,-0.485,3.26
20190211,34.245,35.015,35.195,34.185,846759,37029594.0,2.95,2.4,0.82,2.67
20190212,35.245,34.965,35.685,34.675,747805,32872681.0,2.88,-0.14,-0.05,2.36
20190213,35.045,34.455,35.375,33.945,850426,36730265.0,4.09,-1.46,-0.51,2.69
20190214,34.345,34.725,35.195,34.255,399684,17415440.0,2.73,0.78,0.27,1.26
20190215,35.215,36.475,36.505,34.785,1076262,48367839.0,4.95,5.04,1.75,3.4
20190219,35.255,34.525,35.695,34.435,1387765,60819177.0,3.45,-5.35,-1.95,4.38
20190220,34.795,34.705,35.205,34.285,604703,26350232.0,2.66,0.52,0.18,1.91
20190221,34.845,32.285,34.845,32.105,2413923,100834857.0,7.9,-6.97,-2.42,7.62
20190222,32.285,33.135,33.245,31.915,1021667,42340847.0,4.12,2.63,0.85,3.23
20190225,33.515,33.085,34.005,32.645,843165,35430744.0,4.1,-0.15,-0.05,2.66
20190226,33.135,33.005,33.495,32.695,1513796,63406085.0,2.42,-0.24,-0.08,4.78
20190227,33.715,33.975,36.505,33.405,2893221,126316082.0,9.39,2.94,0.97,9.14
20190228,33.675,34.925,34.985,33.225,981979,42392283.0,5.18,2.8,0.95,3.1
20190301,35.285,34.535,36.745,34.165,1664819,72782299.0,7.39,-1.12,-0.39,5.26
20190304,34.625,34.605,35.075,33.835,931896,40419561.0,3.59,0.2,0.07,2.95
20190305,35.695,36.775,37.215,34.675,1760547,79287301.0,7.34,6.27,2.17,5.56
20190306,36.605,36.045,36.805,35.955,916799,41348037.0,2.31,-1.99,-0.73,2.9
20190307,35.855,35.735,36.455,35.185,646851,28691153.0,3.52,-0.86,-0.31,2.04
20190308,35.325,35.925,36.025,34.725,496257,22060476.0,3.64,0.53,0.19,1.57
20190311,35.955,35.915,36.185,35.515,488323,21841301.0,1.86,-0.03,-0.01,1.54
20190312,35.815,36.625,37.455,35.515,749275,34067944.0,5.4,1.98,0.71,2.36
20190313,36.645,37.585,38.245,36.645,1511317,70310225.0,4.37,2.62,0.96,4.76
20190314,37.565,37.445,37.755,36.695,637358,29424745.0,2.82,-0.37,-0.14,2.01
20190315,37.715,38.415,38.865,37.465,1635968,76913329.0,3.74,2.59,0.97,5.15
20190318,38.655,38.555,38.905,37.495,592465,27844015.0,3.67,0.36,0.14,1.86
20190319,38.555,38.195,38.635,37.345,733906,34488669.0,3.35,-0.93,-0.36,2.31
20190320,38.485,38.345,38.875,37.835,449376,21206641.0,2.72,0.39,0.15,1.41
20190321,38.305,38.105,38.775,37.905,546799,25718743.0,2.27,-0.63,-0.24,1.72
20190322,39.965,41.015,41.215,39.465,3488598,171571560.0,4.59,7.64,2.91,10.98
20190325,40.845,39.975,41.065,39.455,1207624,59035570.0,3.93,-2.54,-1.04,3.8
20190326,40.385,40.445,40.945,40.125,904146,44489108.0,2.05,1.18,0.47,2.85
20190327,41.205,41.695,42.065,40.945,1101335,55387568.0,2.77,3.09,1.25,3.47
20190328,41.815,43.175,43.595,41.645,1363772,70464797.0,4.68,3.55,1.48,4.29
20190329,43.285,44.165,44.625,43.225,1136777,60053624.0,3.24,2.29,0.99,3.58
20190401,44.665,43.115,44.865,42.235,904473,47068253.0,5.95,-2.38,-1.05,2.88
20190402,42.485,42.985,43.105,41.835,778177,40053799.0,2.95,-0.3,-0.13,2.48
20190403,43.285,42.265,43.285,42.195,563524,28875193.0,2.54,-1.68,-0.72,1.79
20190404,42.365,42.465,42.625,41.585,885037,45035009.0,2.46,0.47,0.2,2.82
20190405,42.345,43.145,43.215,41.885,575671,29691284.0,3.13,1.6,0.68,1.83
20190408,42.835,41.055,43.085,40.955,716981,36174171.0,4.94,-4.84,-2.09,2.28
20190409,40.985,41.735,41.925,40.595,847817,42620710.0,3.24,1.66,0.68,2.7
20190410,41.565,41.645,41.865,40.955,459482,23081407.0,2.18,-0.22,-0.09,1.46
20190411,41.545,41.925,42.325,41.495,528888,26865468.0,1.99,0.67,0.28,1.68
20190412,41.925,41.405,41.925,40.925,624532,31246696.0,2.39,-1.24,-0.52,1.99
20190415,41.265,40.955,41.355,40.615,489004,24330266.0,1.79,-1.09,-0.45,1.56
20190416,40.975,39.935,41.195,39.415,827723,40352622.0,4.35,-2.49,-1.02,2.63
20190417,40.005,39.165,40.655,38.925,705832,34010613.0,4.33,-1.93,-0.77,2.25
20190418,39.035,40.475,40.525,39.035,604962,29612781.0,3.8,3.34,1.31,1.93
20190422,40.475,40.455,40.965,39.935,520175,25594115.0,2.54,-0.05,-0.02,1.66
20190423,40.565,40.115,41.215,39.475,733993,35949836.0,4.3,-0.84,-0.34,2.34
20190424,40.315,41.735,42.685,40.135,1056589,53360700.0,6.36,4.04,1.62,3.36
20190425,41.615,41.965,42.285,40.925,481080,24382493.0,3.26,0.55,0.23,1.53
20190426,41.965,42.605,42.755,41.655,599940,30744459.0,2.62,1.53,0.64,1.91
20190429,42.535,43.085,43.395,42.315,541138,28024614.0,2.53,1.13,0.48,1.72
20190430,43.155,42.375,43.575,42.095,511275,26250350.0,3.44,-1.65,-0.71,1.61
20190501,42.525,42.695,43.495,42.435,456216,23583834.0,2.5,0.76,0.32,1.44
20190502,42.815,43.465,43.695,42.555,524148,27302220.0,2.67,1.8,0.77,1.65
20190503,43.575,44.275,44.505,43.245,449466,23819118.0,2.9,1.86,0.81,1.41
20190506,43.695,44.695,44.695,43.465,1058384,56149456.0,2.78,0.95,0.42,3.33
20190507,44.415,42.625,44.765,42.095,1834060,95615734.0,5.97,-4.63,-2.07,5.77
20190508,45.725,43.475,45.875,43.035,2454711,128791284.0,6.66,1.99,0.85,7.72
20190509,43.005,44.425,44.695,43.005,1031935,54590675.0,3.89,2.19,0.95,3.25
20190510,44.18,43.91,44.77,43.75,607567,32003917.0,2.3,-1.16,-0.515,1.91
20190513,43.25,42.32,43.48,41.48,560060,28441072.0,4.55,-3.62,-1.59,1.76
20190514,42.49,42.11,43.46,42.04,417631,21353378.0,3.36,-0.5,-0.21,1.31
20190515,42.39,41.59,42.54,41.53,793144,42929568.0,2.4,-1.23,-0.52,2.5
20190516,41.56,39.61,41.77,39.56,1319233,64964832.0,5.31,-4.76,-1.98,4.15
20190517,39.5,39.26,39.98,38.98,753592,36101446.0,2.52,-0.88,-0.35,2.37
20190520,39.0,38.79,39.44,37.94,833309,39248232.0,3.82,-1.2,-0.47,2.62
20190521,39.67,38.86,39.81,38.49,1564325,74759693.0,3.4,0.18,0.07,4.92
20190522,38.6,38.59,39.64,38.28,791576,37648220.0,3.5,-0.69,-0.27,2.49
20190523,38.05,38.22,39.01,37.67,898039,42198809.0,3.47,-0.96,-0.37,2.83
20190524,38.29,38.15,39.3,37.86,855756,40204862.0,3.77,-0.18,-0.07,2.69
20190528,38.42,38.58,39.44,38.22,819126,38657865.0,3.2,1.13,0.43,2.58
20190529,38.28,37.94,38.5,37.58,767845,35780490.0,2.38,-1.66,-0.64,2.42
20190530,38.09,39.13,40.15,37.83,1060941,50756919.0,6.11,3.14,1.19,3.34
20190531,38.64,39.91,40.07,38.44,923917,44522814.0,4.17,1.99,0.78,2.91
20190603,39.79,40.11,40.31,39.7,746512,36246635.0,1.53,0.5,0.2,2.35
20190604,40.27,39.83,41.1,38.98,918511,44375491.0,5.29,-0.7,-0.28,2.89
20190605,40.08,40.72,40.9,39.48,653791,32000259.0,3.57,2.23,0.89,2.06
20190606,40.58,42.03,42.6,40.58,679123,34329727.0,4.96,3.22,1.31,2.14
20190607,42.11,42.02,42.69,41.16,448273,22668492.0,3.64,-0.02,-0.01,1.41
20190610,42.29,40.64,42.63,39.93,565563,27928158.0,6.43,-3.28,-1.38,1.78
20190611,40.64,40.85,41.41,40.64,492183,24360785.0,1.89,0.52,0.21,1.55
20190612,40.85,40.79,41.34,40.66,215023,10621454.0,1.66,-0.15,-0.06,0.68
20190613,40.93,41.94,42.18,40.66,518994,26085263.0,3.73,2.82,1.15,1.63
20190614,41.92,42.18,42.57,41.6,582575,29480049.0,2.31,0.57,0.24,1.83
20190617,42.31,42.18,42.66,41.85,296415,15060319.0,1.92,0.0,0.0,0.93
20190618,42.23,40.44,42.4,40.31,448896,22207817.0,4.95,-4.13,-1.74,1.41
20190619,40.47,40.58,40.59,39.4,488322,23722294.0,2.94,0.35,0.14,1.54
20190620,39.75,38.6,40.55,38.16,1077452,51268798.0,5.89,-4.88,-1.98,3.39
20190621,38.39,35.81,38.47,35.69,1698265,76194817.0,7.2,-7.23,-2.79,5.34
20190624,36.05,35.54,36.19,34.71,1289007,56594364.0,4.13,-0.75,-0.27,4.06
20190625,35.57,34.24,35.57,33.48,1377801,58838877.0,5.88,-3.66,-1.3,4.34
20190626,34.06,33.87,34.14,32.96,1385607,58358511.0,3.45,-1.08,-0.37,4.36
20190627,34.13,34.82,35.11,33.96,744096,32106385.0,3.4,2.8,0.95,2.34
20190628,34.76,36.16,36.25,34.73,1048246,46618688.0,4.37,3.85,1.34,3.3
20190701,36.37,36.42,37.05,35.74,729069,32709365.0,3.62,0.72,0.26,2.32
20190702,36.49,36.07,36.86,35.48,488238,21780048.0,3.79,-0.96,-0.35,1.55
20190703,36.26,36.79,37.59,36.05,404115,18358364.0,4.27,2.0,0.72,1.29
20190705,36.3,37.82,38.36,36.19,586721,27159125.0,5.9,2.8,1.03,1.87
20190708,37.6,37.52,37.96,36.78,499173,22918292.0,3.12,-0.79,-0.3,1.59
20190709,37.23,37.39,37.59,36.54,573431,26205425.0,2.8,-0.35,-0.13,1.82
20190710,37.43,37.41,37.65,36.57,591747,27093815.0,2.89,0.05,0.02,1.88
20190711,37.48,37.11,37.5,36.46,472728,21539301.0,2.78,-0.8,-0.3,1.5
20190712,37.15,37.36,38.26,37.1,864046,39965020.0,3.13,0.67,0.25,2.75
20190715,37.33,37.47,37.78,36.68,540388,24797421.0,2.94,0.29,0.11,1.72
20190716,36.91,35.9,37.12,34.89,1398035,62279845.0,5.95,-4.19,-1.57,4.45
20190717,35.9,36.65,36.98,35.69,734348,33151892.0,3.59,2.09,0.75,2.34
20190718,36.68,37.08,37.38,35.95,582566,26480510.0,3.9,1.17,0.43,1.85
20190719,36.9,36.85,38.04,36.83,745086,34113158.0,3.26,-0.62,-0.23,2.37
20190722,36.95,36.87,37.69,36.65,803140,36687926.0,2.82,0.05,0.02,2.56
20190723,37.29,36.74,37.48,35.89,683871,30870013.0,4.31,-0.35,-0.13,2.18
20190724,36.77,36.41,37.24,35.5,951237,42570254.0,4.74,-0.9,-0.33,3.03
20190725,36.27,37.62,37.72,35.47,874173,39907443.0,6.18,3.32,1.21,2.78
20190726,37.89,38.27,38.51,37.89,622411,29139038.0,1.65,1.73,0.65,1.98
20190729,38.3,36.72,38.3,36.61,739310,33801166.0,4.42,-4.05,-1.55,2.35
20190730,36.54,35.71,36.71,35.2,714684,31651703.0,4.11,-2.75,-1.01,2.27
20190731,35.81,35.86,36.42,35.4,603272,26851609.0,2.86,0.42,0.15,1.9
20190801,35.77,35.42,36.17,34.78,1055954,46396062.0,3.88,-1.23,-0.44,3.32
20190802,35.35,35.33,35.97,34.73,1177546,51854202.0,3.5,-0.25,-0.09,3.7
20190805,34.96,34.18,35.39,33.76,1135940,48743222.0,4.61,-3.26,-1.15,3.57
20190806,34.41,34.69,35.19,34.09,1323667,57356798.0,3.22,1.49,0.51,4.16
20190807,33.74,35.74,36.62,33.74,1962766,86247567.0,8.3,3.03,1.05,6.17
20190808,35.95,37.66,38.25,35.95,1773497,81780387.0,6.44,5.37,1.92,5.58
20190809,37.445,37.685,38.215,37.025,678088,31203413.0,3.16,0.07,0.025,2.13
20190812,37.695,36.605,37.895,36.555,1093098,49724645.0,3.56,-2.87,-1.08,3.44
20190813,37.145,36.865,37.545,36.365,761906,34520661.0,3.22,0.71,0.26,2.4
20190814,36.605,37.165,37.475,35.765,925753,41942644.0,4.64,0.81,0.3,2.91
20190815,37.265,34.705,37.265,34.665,1300477,56817912.0,7.0,-6.62,-2.46,4.09
20190816,34.725,34.455,35.165,33.875,834614,35682843.0,3.72,-0.72,-0.25,2.63
20190819,34.835,34.805,35.345,34.105,723469,31213843.0,3.6,1.02,0.35,2.28
20190820,34.775,34.685,35.135,33.265,890673,38127374.0,5.37,-0.34,-0.12,2.8
20190821,34.665,35.505,35.785,34.395,895472,39034053.0,4.01,2.36,0.82,2.82
20190822,35.685,36.505,36.575,34.605,1573257,69196461.0,5.55,2.82,1.0,4.95
20190823,36.165,34.725,36.475,34.485,974943,42417502.0,5.45,-4.88,-1.78,3.07
20190826,34.845,35.485,35.775,34.805,683147,29794961.0,2.79,2.19,0.76,2.15
20190827,38.715,39.665,39.905,37.165,3484125,164422232.0,7.72,11.78,4.18,10.96
20190828,40.875,42.065,42.915,40.045,3924374,197333935.0,7.24,6.05,2.4,12.35
20190829,42.635,42.155,42.905,41.245,1053903,53258354.0,3.95,0.21,0.09,3.32
20190830,42.305,41.425,42.585,40.945,850716,42315774.0,3.89,-1.73,-0.73,2.68
20190903,40.985,38.255,41.095,38.105,1750564,83149709.0,7.22,-7.65,-3.17,5.51
20190904,39.635,39.815,40.145,38.665,1330063,63861336.0,3.87,4.08,1.56,4.18
20190905,41.845,41.105,42.215,40.265,1126340,55684841.0,4.9,3.24,1.29,3.54
20190906,41.075,41.295,41.835,41.035,718306,35737826.0,1.95,0.46,0.19,2.26
20190909,41.335,42.505,42.735,40.725,993392,50141156.0,4.87,2.93,1.21,3.13
20190910,42.485,43.355,43.385,41.685,836501,42820914.0,4.0,2.0,0.85,2.63
20190911,43.295,45.095,45.125,42.765,1074848,56643538.0,5.44,4.01,1.74,3.38
20190912,45.105,43.705,45.885,43.495,1689982,89513883.0,5.3,-3.08,-1.39,5.32
20190913,43.675,43.905,44.365,43.295,904921,47222714.0,2.45,0.46,0.2,2.85
20190916,43.345,44.385,44.565,43.345,646667,33942324.0,2.78,1.09,0.48,2.03
20190917,44.885,43.675,45.165,43.455,729208,38270167.0,3.85,-1.6,-0.71,2.29
20190918,43.535,43.625,44.645,42.955,616579,32080980.0,3.87,-0.11,-0.05,1.94
20190919,43.725,44.105,44.585,43.675,590598,30971503.0,2.09,1.1,0.48,1.86
20190920,44.065,43.715,44.645,43.555,727826,38053915.0,2.47,-0.88,-0.39,2.29
20190923,43.845,42.625,43.935,42.125,637125,32556747.0,4.14,-2.49,-1.09,2.0
20190924,42.565,42.135,43.075,41.465,643766,32418821.0,3.78,-1.15,-0.49,2.03
20190925,41.975,42.895,43.235,41.775,687436,35178397.0,3.47,1.8,0.76,2.16
20190926,42.885,42.825,43.165,42.275,650555,33248800.0,2.07,-0.16,-0.07,2.05
20190927,42.875,43.505,43.525,42.675,714271,36735915.0,1.98,1.59,0.68,2.25
20190930,43.375,44.015,44.245,43.095,1059598,55362163.0,2.64,1.17,0.51,3.37
20191001,44.335,44.245,44.775,44.095,1028612,54187009.0,1.54,0.52,0.23,3.27
20191002,44.115,44.055,44.525,43.855,988837,51898604.0,1.51,-0.43,-0.19,3.14
20191003,43.985,45.275,45.285,43.965,834064,44383053.0,3.0,2.77,1.22,2.65
20191004,45.185,44.855,45.525,43.555,860987,45525720.0,4.35,-0.93,-0.42,2.74
20191007,44.615,45.665,46.045,44.515,839074,45268129.0,3.41,1.81,0.81,2.67
20191008,44.775,43.515,45.425,42.645,1571078,81747133.0,6.09,-4.71,-2.15,5.0
20191009,43.925,44.185,44.655,43.575,449830,23651928.0,2.48,1.54,0.67,1.43
20191010,44.655,44.545,45.295,44.135,707054,37421405.0,2.63,0.81,0.36,2.25
20191011,45.105,44.885,45.415,44.245,866134,46148791.0,2.63,0.76,0.34,2.75
20191014,44.805,44.005,44.805,43.835,521510,27388953.0,2.16,-1.96,-0.88,1.66
20191015,44.145,44.745,45.015,43.455,709544,37524684.0,3.55,1.68,0.74,2.26
20191016,44.855,46.645,47.215,44.415,992231,54217931.0,6.26,4.25,1.9,3.16
20191017,46.635,47.045,47.615,45.835,589672,32679594.0,3.82,0.86,0.4,1.88
20191018,47.095,46.195,47.785,46.135,831360,45803769.0,3.51,-1.81,-0.85,2.64
20191021,46.715,48.195,48.405,46.715,829417,46566000.0,3.66,4.33,2.0,2.64
20191022,47.905,48.645,49.375,47.855,882866,50354426.0,3.15,0.93,0.45,2.81
20191023,48.415,48.725,49.315,47.895,760172,43294841.0,2.92,0.16,0.08,2.42
20191024,48.625,49.575,49.715,48.275,759182,43745817.0,2.96,1.74,0.85,2.41
20191025,49.215,49.085,49.565,48.905,847813,48797141.0,1.33,-0.99,-0.49,2.7
20191028,49.145,49.625,49.925,48.475,825457,47717345.0,2.95,1.1,0.54,2.62
20191029,49.955,51.085,51.285,49.555,1070476,63210199.0,3.49,2.94,1.46,3.4
20191030,50.535,50.685,51.075,49.805,1289897,76039792.0,2.49,-0.78,-0.4,4.1
20191031,50.765,50.215,51.135,50.065,835101,48954614.0,2.11,-0.93,-0.47,2.61
20191101,50.635,49.645,51.375,49.505,1501040,87861612.0,3.72,-1.14,-0.57,4.7
20191104,48.555,48.925,49.225,47.265,1553976,88268053.0,3.95,-1.45,-0.72,4.86
20191105,49.085,48.855,50.075,48.535,1350130,77886239.0,3.15,-0.14,-0.07,4.23
20191106,50.755,52.805,53.715,50.365,2674291,162694071.0,6.86,8.09,3.95,8.37
20191107,52.98,54.47,54.69,51.94,1185838,73590685.0,5.21,3.15,1.665,3.71
20191108,54.47,53.65,55.18,52.57,1218461,74990799.0,4.79,-1.51,-0.82,3.81
20191111,53.47,54.5,54.81,53.44,666144,41690899.0,2.55,1.58,0.85,2.09
20191112,54.5,54.51,54.96,54.1,499984,31295034.0,1.58,0.02,0.01,1.57
20191113,54.03,55.1,55.46,52.94,820235,51465782.0,4.62,1.08,0.59,2.57
20191114,55.13,53.6,55.18,52.9,1284797,79153175.0,4.14,-2.72,-1.5,4.02
20191115,53.83,51.59,53.83,51.41,1824840,109874558.0,4.51,-3.75,-2.01,5.71
20191118,51.52,51.63,51.96,51.11,900406,53756175.0,1.65,0.08,0.04,2.82
20191119,51.74,51.53,52.17,51.33,535306,32033582.0,1.63,-0.19,-0.1,1.68
20191120,51.21,52.14,52.41,51.11,1417143,85320351.0,2.52,1.18,0.61,4.44
20191121,52.53,53.39,53.79,51.11,647572,39637382.0,5.14,2.4,1.25,2.03
20191122,54.06,53.4,54.06,53.17,438175,27042802.0,1.67,0.02,0.01,1.37
20191125,53.44,53.72,54.01,52.86,511497,31505036.0,2.15,0.6,0.32,1.6
20191126,53.64,53.48,54.01,52.77,560166,34531406.0,2.31,-0.45,-0.24,1.75
20191127,53.27,54.94,54.95,53.17,462684,28929684.0,3.33,2.73,1.46,1.45
20191129,54.83,55.17,55.95,54.35,468619,29768256.0,2.91,0.42,0.23,1.47
20191202,55.47,54.71,55.87,54.45,548209,34587439.0,2.57,-0.83,-0.46,1.72
20191203,53.95,52.04,53.98,51.81,892044,54049966.0,3.97,-4.88,-2.67,2.79
20191204,52.32,52.09,52.69,51.2,640968,38646396.0,2.86,0.1,0.05,2.01
20191205,52.25,51.59,52.53,51.37,336998,20165174.0,2.23,-0.96,-0.5,1.05
20191206,51.62,52.35,52.42,51.05,623940,37400012.0,2.66,1.47,0.76,1.95
20191209,52.53,53.06,53.36,52.11,514408,31433661.0,2.39,1.36,0.71,1.61
20191210,52.95,51.42,53.26,51.0,452648,27034745.0,4.26,-3.09,-1.64,1.42
20191211,51.43,52.7,52.78,51.18,318128,19209677.0,3.11,2.49,1.28,1.0
20191212,52.95,52.36,53.39,52.02,321544,19523024.0,2.6,-0.65,-0.34,1.01
20191213,52.15,52.14,52.81,51.88,286766,17296872.0,1.78,-0.42,-0.22,0.9
20191216,52.64,52.49,53.25,52.28,669860,40686267.0,1.86,0.67,0.35,2.1
20191217,52.68,53.87,53.9,52.29,506081,31146902.0,3.07,2.63,1.38,1.58
20191218,53.81,54.47,54.6,52.79,912362,56589301.0,3.36,1.11,0.6,2.86
20191219,54.78,54.37,55.64,54.23,711121,44656801.0,2.59,-0.18,-0.1,2.23
20191220,54.52,55.19,55.64,54.52,914664,57914422.0,2.06,1.51,0.82,2.86
20191223,55.41,55.96,56.12,55.19,665334,42542564.0,1.69,1.4,0.77,2.08
20191224,55.88,56.12,56.33,55.45,197677,12670211.0,1.57,0.29,0.16,0.62
20191226,56.01,56.93,57.56,55.88,529301,34432822.0,2.99,1.44,0.81,1.66
20191227,56.95,56.35,57.28,56.15,370199,23928753.0,1.98,-1.02,-0.58,1.16
20191230,56.49,55.61,56.74,55.46,427052,27264668.0,2.27,-1.31,-0.74,1.34
20191231,55.43,55.04,55.84,54.59,409892,25904389.0,2.25,-1.02,-0.57,1.29
20200102,54.78,54.69,55.29,53.55,805888,50340648.0,3.16,-0.64,-0.35,2.53
20200103,53.94,55.12,55.5,53.93,885600,55856048.0,2.87,0.79,0.43,2.78
20200106,55.03,56.44,57.57,54.79,1023843,66307320.0,5.04,2.39,1.32,3.21
20200107,56.12,55.55,56.84,55.09,682196,43573988.0,3.1,-1.58,-0.89,2.14
20200108,55.49,56.45,57.31,55.39,556519,35946255.0,3.46,1.62,0.9,1.74
20200109,56.52,57.17,57.52,56.25,443746,28905421.0,2.25,1.28,0.72,1.39
20200110,56.88,56.72,57.23,56.3,551548,35756036.0,1.63,-0.79,-0.45,1.73
20200113,56.74,55.87,56.95,55.74,544447,34984907.0,2.13,-1.5,-0.85,1.71
20200114,55.68,54.82,55.86,54.15,504211,31751791.0,3.06,-1.88,-1.05,1.58
20200115,54.83,55.9,56.32,54.66,523193,33408256.0,3.03,1.97,1.08,1.64
20200116,55.92,57.13,57.2,55.39,622450,40439500.0,3.24,2.2,1.23,1.95
20200117,57.28,56.95,57.61,56.92,465014,30374132.0,1.21,-0.32,-0.18,1.46
20200121,56.71,56.39,57.15,55.68,585501,37831653.0,2.58,-0.98,-0.56,1.84
20200122,56.62,58.03,58.52,56.52,1117253,73117359.0,3.55,2.91,1.64,3.5
20200123,57.43,58.81,59.0,56.82,771452,51097563.0,3.76,1.34,0.78,2.42
20200124,59.0,58.42,59.0,57.69,454831,30176333.0,2.23,-0.66,-0.39,1.43
20200127,56.71,56.83,58.49,56.7,588459,38566519.0,3.06,-2.72,-1.59,1.85
20200128,57.24,57.94,58.35,56.83,405838,26747282.0,2.67,1.95,1.11,1.27
20200129,57.97,57.9,58.44,57.59,488412,32318229.0,1.47,-0.07,-0.04,1.53
20200130,57.58,57.33,58.01,56.94,451017,29492133.0,1.85,-0.98,-0.57,1.41
20200131,57.46,56.67,58.08,55.9,558124,36148065.0,3.8,-1.15,-0.66,1.75
20200203,56.94,56.11,57.59,55.31,597044,38353431.0,4.02,-0.99,-0.56,1.87
20200204,56.77,56.63,57.3,56.2,487838,31606925.0,1.96,0.93,0.52,1.53
20200205,57.25,56.44,57.25,55.89,513208,33186005.0,2.4,-0.34,-0.19,1.61
20200206,56.54,57.64,57.98,55.93,478383,31266088.0,3.63,2.13,1.2,1.5
20200207,57.235,56.755,57.445,56.565,423288,27403551.0,1.53,-1.54,-0.885,1.33
20200210,56.735,56.905,57.705,56.595,731129,47454496.0,1.96,0.26,0.15,2.29
20200211,57.255,56.925,57.405,56.695,438761,28446167.0,1.25,0.04,0.02,1.38
20200212,57.195,57.605,57.815,56.865,659288,43087717.0,1.67,1.19,0.68,2.07
20200213,57.645,58.445,58.765,57.645,616990,40862303.0,1.94,1.46,0.84,1.93
20200214,58.655,57.995,59.995,57.795,438358,29000374.0,3.76,-0.77,-0.45,1.37
20200218,57.715,58.605,59.205,57.375,476882,31630947.0,3.16,1.05,0.61,1.5
20200219,59.075,59.515,60.005,58.315,598557,40287516.0,2.88,1.55,0.91,1.85
20200220,61.525,61.435,62.305,59.985,1032614,71452977.0,3.9,3.23,1.92,3.2
20200221,61.255,61.235,61.595,60.145,617786,42643138.0,2.36,-0.33,-0.2,1.91
20200224,59.975,60.615,61.225,59.405,806747,55162828.0,2.97,-1.01,-0.62,2.5
20200225,60.895,59.465,60.995,58.725,1145075,77344443.0,3.74,-1.9,-1.15,3.55
20200226,57.975,53.625,58.605,51.055,2958153,181722293.0,12.7,-9.82,-5.84,9.16
20200227,51.925,50.295,52.685,47.715,1643643,95801430.0,9.27,-6.21,-3.33,5.09
20200228,49.035,49.725,50.495,47.595,1401539,80054766.0,5.77,-1.13,-0.57,4.34
20200302,49.675,49.505,50.105,47.375,1247603,70660538.0,5.49,-0.44,-0.22,3.86
20200303,50.945,50.615,51.975,49.835,1306821,76591732.0,4.32,2.24,1.11,4.05
20200304,51.335,50.975,51.875,50.295,614145,36154062.0,3.12,0.71,0.36,1.9
20200305,50.015,48.675,50.335,47.195,912951,51256090.0,6.16,-4.51,-2.3,2.83
20200306,47.255,49.855,50.445,47.015,744883,42630075.0,7.05,2.42,1.18,2.31
20200309,46.155,46.295,49.375,45.045,1544985,84774003.0,8.69,-7.14,-3.56,4.79
20200310,47.235,49.365,49.515,46.535,1032938,58091430.0,6.44,6.63,3.07,3.2
20200311,48.325,48.035,49.955,47.115,929196,52329981.0,5.75,-2.69,-1.33,2.88
20200312,44.725,39.935,44.915,39.685,1556432,77040722.0,10.89,-16.86,-8.1,4.82
20200313,42.115,41.775,43.795,39.235,1065220,52532704.0,11.42,4.61,1.84,3.3
20200316,37.525,30.995,38.545,30.235,1560800,64131620.0,19.89,-25.8,-10.78,4.83
20200317,31.355,30.835,32.945,27.215,1684344,63912364.0,18.49,-0.52,-0.16,5.22
20200318,28.695,27.665,31.055,20.665,1537840,52345096.0,33.7,-10.28,-3.17,4.76
20200319,27.095,41.445,43.295,25.765,3014112,139668564.0,63.37,49.81,13.78,9.34
20200320,42.385,43.115,46.945,41.635,2286106,118466086.0,12.81,4.03,1.67,7.08
20200323,43.835,46.115,48.505,42.345,1732189,94091120.0,14.29,6.96,3.0,5.37
20200324,48.355,44.005,49.125,42.705,1347278,71566440.0,13.92,-4.58,-2.11,4.17
20200325,44.795,45.405,46.615,40.155,1385857,72810768.0,14.68,3.18,1.4,4.29
20200326,46.005,44.445,47.345,42.845,905153,47873384.0,9.91,-2.11,-0.96,2.8
20200327,43.015,42.705,43.985,41.905,707927,35979931.0,4.68,-3.91,-1.74,2.19
20200330,42.225,41.705,42.945,40.725,645042,32004218.0,5.2,-2.34,-1.0,2.02
20200331,40.125,45.485,45.965,39.145,1461036,76334343.0,16.35,9.06,3.78,4.57
20200401,45.025,47.845,48.605,44.275,1413183,78010945.0,9.52,5.19,2.36,4.42
20200402,47.425,46.035,48.585,43.935,916559,49120307.0,9.72,-3.78,-1.81,2.87
20200403,46.385,44.695,47.935,43.955,636109,33683745.0,8.65,-2.91,-1.34,1.99
20200406,46.575,48.945,49.395,46.265,685870,38481705.0,7.0,9.51,4.25,2.15
20200407,50.815,48.495,51.955,46.915,723396,41332472.0,10.3,-0.92,-0.45,2.26
20200408,49.385,51.435,54.215,48.535,888162,52581757.0,11.71,6.06,2.94,2.78
20200409,52.615,51.115,54.845,50.565,696155,41550934.0,8.32,-0.62,-0.32,2.18
20200413,51.315,53.705,54.585,49.755,803277,49079954.0,9.45,5.07,2.59,2.51
20200414,55.115,56.855,57.405,53.505,777576,49653393.0,7.26,5.87,3.15,2.43
20200415,54.675,55.715,56.845,54.285,557612,35404935.0,4.5,-2.01,-1.14,1.74
20200416,56.115,58.655,58.875,55.865,614456,40265302.0,5.4,5.28,2.94,1.92
20200417,60.095,57.245,60.095,55.175,821206,53103503.0,8.39,-2.4,-1.41,2.57
20200420,56.425,59.605,60.815,56.425,851505,57308335.0,7.67,4.12,2.36,2.66
20200421,58.735,61.625,62.065,58.735,952353,65747324.0,5.59,3.39,2.02,2.98
20200422,62.265,61.905,65.045,61.435,1185810,84183619.0,5.86,0.45,0.28,3.71
20200423,61.955,59.275,62.595,59.115,896348,60929419.0,5.62,-4.25,-2.63,2.8
20200424,60.735,64.115,65.945,59.055,1348546,97393261.0,11.62,8.17,4.84,4.22
20200427,63.345,62.845,65.405,62.565,767818,55142169.0,4.43,-1.98,-1.27,2.4
20200428,64.895,63.985,66.165,62.395,811570,58732565.0,6.0,1.81,1.14,2.5
20200429,65.875,64.355,66.245,63.705,764247,55753483.0,3.97,0.58,0.37,2.35
20200430,63.385,64.035,64.765,62.825,979419,70439372.0,3.01,-0.5,-0.32,3.02
20200501,62.485,63.685,64.075,61.325,610724,43398795.0,4.29,-0.55,-0.35,1.88
20200504,62.965,64.855,65.855,62.425,852087,61461060.0,5.39,1.84,1.17,2.62
20200505,65.195,68.275,68.325,64.565,1228031,91953023.0,5.8,5.27,3.42,3.78
20200506,65.945,69.015,70.175,65.125,2065993,158022769.0,7.4,1.08,0.74,6.36
20200507,69.845,72.925,73.125,69.115,1442149,114925580.0,5.81,5.67,3.91,4.44
20200508,72.14,73.54,73.9,71.54,1037742,83523457.0,3.24,0.84,0.615,3.2
20200511,73.35,75.44,76.59,73.09,1160939,96596313.0,4.76,2.58,1.9,3.58
20200512,75.14,72.15,75.71,71.97,846854,68691103.0,4.96,-4.36,-3.29,2.61
20200513,72.77,73.39,74.75,72.0,625002,50657223.0,3.81,1.72,1.24,1.93
20200514,73.17,72.6,74.2,71.22,610189,48863902.0,4.06,-1.08,-0.79,1.88
20200515,72.05,74.24,75.11,71.23,437322,35716713.0,5.34,2.26,1.64,1.35
20200518,76.25,70.45,76.64,70.42,813403,64905542.0,8.38,-5.11,-3.79,2.51
20200519,71.01,70.93,72.84,69.69,676761,53695528.0,4.47,0.68,0.48,2.08
20200520,72.19,71.95,73.32,70.4,669037,53061949.0,4.12,1.44,1.02,2.06
20200521,71.96,70.99,71.98,70.15,648378,51046758.0,2.54,-1.33,-0.96,2.0
20200522,71.18,70.04,71.27,69.51,428594,33322596.0,2.48,-1.34,-0.95,1.32
20200526,70.31,66.53,70.9,66.36,987334,74599715.0,6.48,-5.01,-3.51,3.04
20200527,67.25,71.1,71.4,63.69,1876362,141951924.0,11.59,6.87,4.57,5.78
20200528,71.87,68.27,72.13,67.6,738943,56939705.0,6.37,-3.98,-2.83,2.28
20200529,69.5,70.23,70.88,68.36,878621,68412449.0,3.69,2.87,1.96,2.71
20200601,70.76,71.98,73.9,70.24,780313,62394980.0,5.21,2.49,1.75,2.4
20200602,72.17,73.83,73.96,71.53,1038454,83980702.0,3.38,2.57,1.85,3.2
20200603,74.02,72.91,74.67,71.55,748718,60169739.0,4.23,-1.25,-0.92,2.31
20200604,72.2,72.72,74.53,72.2,600029,48575556.0,3.2,-0.26,-0.19,1.85
20200605,73.13,71.4,74.12,69.34,1159992,91511520.0,6.57,-1.82,-1.32,3.57
20200608,71.49,69.53,71.86,68.09,993653,76558445.0,5.28,-2.62,-1.87,3.06
20200609,69.05,72.71,73.03,68.34,878253,69759120.0,6.75,4.57,3.18,2.71
20200610,72.88,73.42,74.06,71.74,779452,62999174.0,3.19,0.98,0.71,2.4
20200611,72.16,70.97,75.69,70.5,745288,59746643.0,7.07,-3.34,-2.45,2.3
20200612,72.59,71.38,72.75,69.37,699682,55023436.0,4.76,0.58,0.41,2.16
20200615,70.5,70.87,72.45,69.88,485177,38156894.0,3.6,-0.71,-0.51,1.49
20200616,71.91,72.46,72.52,70.26,561907,44629523.0,3.19,2.24,1.59,1.73
20200617,73.38,75.22,75.53,73.08,707151,58398205.0,3.38,3.81,2.76,2.18
20200618,74.99,74.84,76.62,73.83,542185,44792725.0,3.71,-0.51,-0.38,1.67
20200619,75.57,75.44,75.92,74.19,737620,61183320.0,2.31,0.8,0.6,2.27
20200622,75.64,76.29,77.2,74.46,632144,52801723.0,3.63,1.13,0.85,1.95
20200623,76.81,75.4,77.34,75.0,729498,60944864.0,3.07,-1.17,-0.89,2.25
20200624,74.59,74.01,76.0,72.16,654438,53564931.0,5.09,-1.84,-1.39,2.02
20200625,73.99,75.59,76.55,72.77,603906,49980313.0,5.11,2.13,1.58,1.86
20200626,75.9,71.36,75.9,70.75,2325502,184669813.0,6.81,-5.6,-4.23,7.16
20200629,71.95,70.72,73.01,70.23,646141,51049252.0,3.9,-0.9,-0.64,2.0
20200630,71.16,71.75,71.88,68.1,845292,66231340.0,5.35,1.46,1.03,2.61
20200701,72.74,75.05,75.22,72.56,683276,55927078.0,3.71,4.6,3.3,2.11
20200702,76.03,76.0,76.52,74.76,596924,49860902.0,2.35,1.27,0.95,1.85
20200706,76.62,75.53,77.09,74.71,590040,49069512.0,3.13,-0.62,-0.47,1.82
20200707,75.09,76.22,78.1,74.65,783917,66219209.0,4.57,0.91,0.69,2.42
20200708,76.14,80.6,82.08,76.14,1525614,134757371.0,7.79,5.75,4.38,4.72
20200709,81.59,81.01,82.34,78.13,750404,66158298.0,5.22,0.51,0.41,2.32
20200710,81.06,81.14,81.33,79.68,550626,48551360.0,2.04,0.16,0.13,1.7
20200713,81.91,80.23,84.92,80.09,754741,68190735.0,5.95,-1.12,-0.91,2.33
20200714,80.23,83.32,83.39,78.55,523457,46891520.0,6.03,3.85,3.09,1.62
20200715,83.33,85.4,86.02,82.04,518037,47740267.0,4.78,2.5,2.08,1.6
20200716,85.01,85.26,86.29,83.89,354153,32828977.0,2.81,-0.16,-0.14,1.09
20200717,85.76,84.07,86.17,83.51,394078,36301230.0,3.12,-1.4,-1.19,1.22
20200720,84.36,86.56,86.9,83.45,318459,29675258.0,4.1,2.96,2.49,0.98
20200721,87.02,86.16,87.49,85.34,290636,27268813.0,2.48,-0.46,-0.4,0.9
20200722,86.15,86.84,86.98,85.27,387593,36441182.0,1.98,0.79,0.68,1.2
20200723,86.75,85.32,88.77,84.83,513259,48222561.0,4.54,-1.75,-1.52,1.59
20200724,84.55,85.39,85.7,82.73,456755,42383425.0,3.48,0.08,0.07,1.41
20200727,86.64,86.69,87.28,84.88,574994,54010635.0,2.81,1.52,1.3,1.78
20200728,86.36,83.47,86.71,83.11,390463,35876018.0,4.15,-3.71,-3.22,1.21
20200729,84.83,85.75,87.31,84.74,442493,41421200.0,3.08,2.73,2.28,1.37
20200730,85.21,85.59,86.25,83.84,384410,35737923.0,2.81,-0.19,-0.16,1.17
20200731,86.22,87.01,87.34,85.16,450518,42454165.0,2.55,1.66,1.42,1.37
20200803,87.28,88.25,91.21,87.06,581658,55789149.0,4.77,1.43,1.24,1.77
20200804,88.25,90.05,90.14,87.0,764080,73884235.0,3.56,2.04,1.8,2.33
20200805,90.55,91.48,91.86,88.86,943823,93056887.0,3.33,1.59,1.43,2.88
20200806,89.37,89.87,91.67,84.86,1273522,123752127.0,7.44,-1.76,-1.61,3.88
20200807,88.46,90.45,93.03,88.46,669629,66150911.0,5.09,0.65,0.58,2.04
20200810,90.625,86.765,91.315,86.445,632384,60165054.0,5.38,-4.07,-3.685,1.93
20200811,86.445,86.215,86.855,81.835,757685,70405297.0,5.79,-0.63,-0.55,2.31
20200812,86.895,87.735,89.165,86.515,486341,46465183.0,3.07,1.76,1.52,1.48
20200813,88.305,90.175,91.115,87.795,495692,48282610.0,3.78,2.78,2.44,1.51
20200814,90.565,88.715,91.325,88.215,350306,33883358.0,3.45,-1.62,-1.46,1.07
20200817,88.815,89.595,89.755,87.965,279841,27043687.0,2.02,0.99,0.88,0.85
20200818,89.655,91.015,91.175,89.215,358034,34992052.0,2.19,1.58,1.42,1.09
20200819,91.465,92.155,94.045,91.415,423624,42427482.0,2.89,1.25,1.14,1.29
20200820,91.355,94.295,94.705,90.955,488960,49290369.0,4.07,2.32,2.14,1.49
20200821,93.855,92.135,94.425,91.645,404333,40427394.0,2.95,-2.29,-2.16,1.23
20200824,92.545,91.945,92.565,90.125,405656,40108714.0,2.65,-0.21,-0.19,1.24
20200825,92.055,91.255,92.355,89.735,501131,49469913.0,2.85,-0.75,-0.69,1.53
20200826,90.725,90.055,91.585,89.505,434835,42488843.0,2.28,-1.31,-1.2,1.33
20200827,90.235,90.205,92.065,89.475,477695,46790755.0,2.88,0.17,0.15,1.46
20200828,90.485,91.185,91.905,89.335,409257,40297688.0,2.85,1.09,0.98,1.25
20200831,91.225,90.855,91.805,89.855,390762,38391702.0,2.14,-0.36,-0.33,1.19
20200901,91.255,94.175,94.225,90.835,510895,51280478.0,3.73,3.65,3.32,1.56
20200902,94.815,87.605,94.815,87.545,791812,76779666.0,7.72,-6.98,-6.57,2.41
20200903,87.485,84.455,87.485,82.065,934481,85353303.0,6.19,-3.6,-3.15,2.85
20200904,84.335,82.965,84.795,78.235,1138034,100843171.0,7.77,-1.76,-1.49,3.47
20200908,81.555,79.085,83.885,77.105,1112523,97226759.0,8.17,-4.68,-3.88,3.39
20200909,80.385,81.215,82.645,79.625,687761,60996615.0,3.82,2.69,2.13,2.1
20200910,82.725,82.925,85.345,82.355,704255,64158286.0,3.68,2.11,1.71,2.15
20200911,84.015,83.935,86.085,81.975,640987,58711417.0,4.96,1.22,1.01,1.95
20200914,84.715,80.895,84.895,80.095,704161,62537933.0,5.72,-3.62,-3.04,2.15
20200915,81.295,78.715,81.775,77.795,848999,73366841.0,4.92,-2.69,-2.18,2.59
20200916,78.705,77.135,79.365,75.695,868975,73683047.0,4.66,-2.01,-1.58,2.65
20200917,75.705,75.825,77.225,74.675,717878,59864342.0,3.31,-1.7,-1.31,2.19
20200918,76.635,74.915,77.015,73.145,2411978,198584651.0,5.1,-1.2,-0.91,7.35
20200921,73.885,77.035,77.165,73.315,798067,66572261.0,5.14,2.83,2.12,2.43
20200922,76.965,79.655,79.925,74.575,850384,72560739.0,6.94,3.4,2.62,2.59
20200923,79.245,78.385,81.305,77.705,712442,61774578.0,4.52,-1.59,-1.27,2.17
20200924,77.565,74.935,78.285,74.625,758004,63293577.0,4.67,-4.4,-3.45,2.31
20200925,75.385,74.205,75.545,72.375,724488,59028735.0,4.23,-0.97,-0.73,2.21
20200928,74.895,75.985,76.865,74.595,432763,36062797.0,3.06,2.4,1.78,1.33
20200929,76.845,78.335,78.935,76.215,639626,54544580.0,3.58,3.09,2.35,1.97
20200930,78.845,74.845,78.865,74.215,923644,76781992.0,5.94,-4.46,-3.49,2.84
20201001,75.825,75.895,77.815,74.805,763463,63889316.0,4.02,1.4,1.05,2.35
20201002,74.065,75.835,76.485,73.565,545647,45189222.0,3.85,-0.08,-0.06,1.68
20201005,75.935,75.705,76.985,74.035,515142,42783275.0,3.89,-0.17,-0.13,1.59
20201006,75.975,74.925,77.365,74.765,461247,38398511.0,3.43,-1.03,-0.78,1.42
20201007,75.375,74.715,76.755,74.305,659466,54393724.0,3.27,-0.28,-0.21,2.03
20201008,74.015,73.415,74.415,72.275,1133251,91409340.0,2.86,-1.74,-1.3,3.49
20201009,73.995,72.455,74.695,71.785,642549,51365766.0,3.96,-1.31,-0.96,1.98
20201012,72.705,72.705,73.525,72.235,601557,48271260.0,1.78,0.35,0.25,1.85
20201013,72.825,75.265,76.215,71.835,758879,62453509.0,6.02,3.52,2.56,2.34
20201014,76.045,75.045,78.025,74.495,465460,38562111.0,4.69,-0.29,-0.22,1.43
20201015,74.325,75.215,75.385,73.585,460455,37905196.0,2.4,0.23,0.17,1.42
20201016,75.075,74.065,75.375,73.585,810715,66397216.0,2.38,-1.53,-1.15,2.5
20201019,74.295,69.895,74.435,69.735,848717,66951490.0,6.35,-5.63,-4.17,2.61
20201020,70.375,69.935,70.995,68.595,816748,63251865.0,3.43,0.06,0.04,2.51
20201021,69.645,70.125,70.575,68.615,494574,38190249.0,2.8,0.27,0.19,1.52
20201022,69.485,70.145,70.565,68.715,542366,41858055.0,2.64,0.03,0.02,1.67
20201023,69.895,69.305,70.075,67.285,653305,49745616.0,3.98,-1.2,-0.84,2.01
20201026,68.835,70.415,72.025,68.835,665543,51978426.0,4.6,1.6,1.11,2.05
20201027,70.505,71.125,71.375,69.125,434084,33862379.0,3.2,1.01,0.71,1.34
20201028,70.375,72.405,73.535,70.245,816797,65404271.0,4.63,1.8,1.28,2.51
20201029,72.455,68.985,72.455,68.685,655045,50506625.0,5.21,-4.72,-3.42,2.02
20201030,70.375,69.165,71.815,67.575,792192,60614464.0,6.15,0.26,0.18,2.4
20201102,69.625,68.075,70.115,67.325,734732,55622646.0,4.03,-1.58,-1.09,2.23
20201103,67.945,67.225,68.535,65.685,690763,51812065.0,4.19,-1.25,-0.85,2.1
20201104,67.615,68.675,68.955,67.225,681128,51656150.0,2.57,2.16,1.45,2.07
20201105,71.065,74.845,75.015,70.345,1359763,110343106.0,6.8,8.98,6.17,4.13
20201106,74.895,76.085,76.415,73.165,808527,67109154.0,4.34,1.66,1.24,2.45
20201109,72.79,70.03,74.53,69.29,1225810,95734663.0,6.89,-7.96,-6.055,3.72
20201110,70.97,72.46,72.68,69.39,779012,61497301.0,4.7,3.47,2.43,2.36
20201111,72.79,76.36,76.46,72.79,648635,53389099.0,5.06,5.38,3.9,1.97
20201112,75.23,75.5,77.5,74.63,478762,39680944.0,3.76,-1.13,-0.86,1.45
20201113,75.93,73.77,76.43,73.21,479188,39065635.0,4.26,-2.29,-1.73,1.45
20201116,73.56,72.11,74.14,71.82,670804,53447320.0,3.14,-2.25,-1.66,2.04
20201117,72.98,71.18,73.77,70.73,628097,49459928.0,4.22,-1.29,-0.93,1.91
20201118,71.07,70.12,71.65,69.79,572257,44249407.0,2.61,-1.49,-1.06,1.74
20201119,69.88,71.96,72.27,69.83,442608,34932174.0,3.48,2.62,1.84,1.34
20201120,71.68,71.98,72.37,70.36,486320,38303737.0,2.79,0.03,0.02,1.48
20201123,72.16,74.03,74.37,70.75,796890,64226929.0,5.03,2.85,2.05,2.42
20201124,74.38,76.11,76.29,73.12,678030,56117868.0,4.28,2.81,2.08,2.06
20201125,76.11,73.0,76.11,72.87,548702,44739523.0,4.26,-4.09,-3.11,1.67
20201127,73.32,74.34,74.57,73.32,208305,16948015.0,1.71,1.84,1.34,0.63
20201130,74.32,73.15,74.37,72.46,420587,33798155.0,2.57,-1.6,-1.19,1.28
20201201,73.65,74.07,74.53,72.36,613887,49779640.0,2.97,1.26,0.92,1.86
20201202,74.05,73.26,74.05,72.64,360612,28985477.0,1.9,-1.09,-0.81,1.09
20201203,72.85,73.82,74.89,72.41,387102,31437365.0,3.39,0.76,0.56,1.17
20201204,74.08,73.65,75.02,72.85,283579,22901166.0,2.94,-0.23,-0.17,0.86
20201207,73.84,74.85,75.39,72.98,459299,37598715.0,3.27,1.63,1.2,1.39
20201208,74.37,78.24,78.48,73.81,556749,47072349.0,6.24,4.53,3.39,1.69
20201209,78.19,77.14,80.18,76.59,669705,57227081.0,4.59,-1.41,-1.1,2.03
20201210,77.3,77.02,78.23,76.09,304808,25691195.0,2.77,-0.16,-0.12,0.93
20201211,76.53,77.62,78.4,75.96,245310,20713106.0,3.17,0.78,0.6,0.74
20201214,77.5,78.43,78.74,77.22,335964,28691277.0,1.96,1.04,0.81,1.02
20201215,79.41,80.13,80.36,78.47,560726,48919724.0,2.41,2.17,1.7,1.7
20201216,80.24,80.11,82.5,79.92,505160,44406740.0,3.22,-0.02,-0.02,1.53
20201217,80.28,82.24,82.31,79.16,886475,78342824.0,3.93,2.66,2.13,2.69
20201218,82.5,83.26,83.97,81.81,997373,90106283.0,2.63,1.24,1.02,3.03
20201221,82.04,79.94,82.72,79.0,585979,51480258.0,4.47,-3.99,-3.32,1.78
20201222,80.42,79.34,81.26,77.91,345062,29771413.0,4.19,-0.75,-0.6,1.05
20201223,79.19,80.05,80.23,78.58,267561,23280140.0,2.08,0.89,0.71,0.81
20201224,80.28,80.33,80.99,79.48,145476,12718864.0,1.89,0.35,0.28,0.44
20201228,80.72,81.99,82.7,79.75,342147,30437078.0,3.67,2.07,1.66,1.05
20201229,81.39,78.31,81.74,77.78,360995,31012514.0,4.83,-4.49,-3.68,1.11
20201230,78.7,77.31,79.12,77.24,234680,19983959.0,2.4,-1.28,-1.0,0.72
20201231,77.31,77.64,78.26,76.13,305872,25903379.0,2.76,0.43,0.33,0.94
20210104,78.03,78.13,78.7,76.01,589225,50001232.0,3.46,0.63,0.49,1.81
20210105,78.27,82.97,83.34,77.86,723847,64562923.0,7.01,6.19,4.84,2.22
20210106,82.52,86.19,87.48,81.93,757182,70601403.0,6.69,3.88,3.22,2.33
20210107,87.32,86.51,88.29,85.84,426877,40118134.0,2.84,0.37,0.32,1.31
20210108,86.79,86.26,87.18,85.27,409756,38305767.0,2.21,-0.29,-0.25,1.26
20210111,86.03,86.12,87.21,85.55,309074,28893660.0,1.92,-0.16,-0.14,0.95
20210112,86.15,86.93,87.54,85.35,355290,33268081.0,2.54,0.94,0.81,1.09
20210113,86.42,86.55,87.79,85.72,278015,26148725.0,2.38,-0.44,-0.38,0.85
20210114,87.52,86.64,89.08,85.91,364342,34303694.0,3.66,0.1,0.09,1.12
20210115,86.28,87.99,88.64,85.54,344914,32645052.0,3.58,1.56,1.35,1.06
20210119,87.94,90.15,90.79,87.21,439106,42646189.0,4.07,2.45,2.16,1.35
20210120,89.48,90.87,91.48,89.34,389702,37982888.0,2.37,0.8,0.72,1.2
20210121,90.74,89.01,91.57,88.36,271932,26298676.0,3.53,-2.05,-1.86,0.84
20210122,89.7,91.61,91.77,87.81,391425,38302730.0,4.45,2.92,2.6,1.2
20210125,91.47,90.23,92.51,88.84,368630,36027023.0,4.01,-1.51,-1.38,1.13
20210126,90.36,94.83,95.83,89.73,474552,47889310.0,6.76,5.1,4.6,1.46
20210127,94.23,100.02,100.72,93.34,1385135,146031440.0,7.78,5.47,5.19,4.26
20210128,99.37,97.38,101.15,92.91,787156,82158127.0,8.24,-2.64,-2.64,2.42
20210129,97.38,95.07,100.13,94.89,496387,51616463.0,5.38,-2.37,-2.31,1.53
20210201,95.43,94.43,96.07,92.6,418574,42427490.0,3.65,-0.67,-0.64,1.29
20210202,94.95,94.18,96.27,93.3,340570,34643417.0,3.15,-0.26,-0.25,1.05
20210203,94.43,92.65,94.54,91.42,485958,48384852.0,3.31,-1.62,-1.53,1.49
20210204,92.5,93.29,94.03,90.57,392692,39300245.0,3.73,0.69,0.64,1.21
20210205,93.745,94.815,95.425,92.725,431715,43684319.0,2.89,1.63,1.525,1.33
20210208,94.435,93.275,95.025,91.385,609623,60815290.0,3.84,-1.62,-1.54,1.87
20210209,93.215,97.685,98.315,93.145,320587,33360297.0,5.54,4.73,4.41,0.99
20210210,98.575,101.345,102.15,98.015,456411,49154473.0,4.23,3.75,3.66,1.4
20210211,101.655,102.145,102.335,99.445,427462,46313188.0,2.85,0.79,0.8,1.31
20210212,102.505,102.155,103.345,100.515,263087,28646676.0,2.77,0.01,0.01,0.81
20210216,103.125,95.555,103.125,95.275,522267,54409847.0,7.68,-6.46,-6.6,1.6
20210217,94.975,93.415,95.985,92.815,362593,36586103.0,3.32,-2.24,-2.14,1.1
20210218,93.045,94.675,95.765,92.559,512860,51883368.0,3.43,1.35,1.26,1.56
20210219,95.245,96.695,97.255,95.135,270667,28017074.0,2.24,2.13,2.02,0.82
20210222,98.015,96.675,98.56,94.625,572125,59122770.0,4.07,-0.02,-0.02,1.74
20210223,96.315,94.915,96.315,91.855,479254,48586258.0,4.61,-1.82,-1.76,1.46
20210224,95.175,95.655,96.69,93.015,416460,42657354.0,3.87,0.78,0.74,1.26
20210225,86.015,83.765,88.015,78.515,2685832,239864095.0,9.93,-12.43,-11.89,8.16
20210226,83.015,83.205,86.765,81.465,839515,76113740.0,6.33,-0.67,-0.56,2.55
20210301,84.545,86.805,88.965,83.71,924570,86683056.0,6.32,4.33,3.6,2.81
20210302,86.415,83.255,87.015,82.965,641033,58375225.0,4.67,-4.09,-3.55,1.95
20210303,83.525,78.855,84.05,78.065,868343,75212063.0,7.19,-5.28,-4.4,2.64
20210304,78.795,75.675,79.025,73.845,566038,47164317.0,6.57,-4.03,-3.18,1.72
20210305,76.255,75.685,76.255,71.425,616562,50189559.0,6.38,0.01,0.01,1.87
20210308,75.685,72.375,76.12,72.225,629027,50618278.0,5.15,-4.37,-3.31,1.91
20210309,73.925,76.445,76.855,73.465,718200,59310077.0,4.68,5.62,4.07,2.18
20210310,76.755,77.345,78.365,75.275,350953,29445288.0,4.04,1.18,0.9,1.07
20210311,78.945,80.625,80.775,77.983,469933,40844506.0,3.61,4.24,3.28,1.43
20210312,79.875,80.175,80.575,77.905,415873,35946125.0,3.31,-0.56,-0.45,1.26
20210315,80.475,80.155,81.575,79.765,393373,34419036.0,2.26,-0.02,-0.02,1.19
20210316,80.425,81.085,82.585,79.945,357324,31521568.0,3.29,1.16,0.93,1.08
20210317,80.635,82.285,82.555,79.535,340949,30167029.0,3.72,1.48,1.2,1.04
20210318,81.215,79.565,81.865,79.095,372416,32496099.0,3.37,-3.31,-2.72,1.13
20210319,79.775,80.095,81.425,79.015,672122,58566986.0,3.03,0.67,0.53,2.04
20210322,80.645,81.565,82.155,80.125,387285,34165389.0,2.53,1.84,1.47,1.18
20210323,81.385,82.055,83.075,80.93,541973,48259490.0,2.63,0.6,0.49,1.65
20210324,82.695,79.005,83.165,78.815,464602,40683829.0,5.3,-3.72,-3.05,1.41
20210325,79.315,80.415,81.045,78.015,539859,46940349.0,3.84,1.78,1.41,1.64
20210326,79.825,81.435,81.565,79.135,372238,32594161.0,3.02,1.27,1.02,1.13
20210329,81.185,79.625,82.535,79.055,441947,38423497.0,4.27,-2.22,-1.81,1.35
20210330,80.195,79.725,80.955,78.835,351516,30487853.0,2.66,0.13,0.1,1.08
20210331,79.725,81.655,82.855,79.725,604434,53635902.0,3.93,2.42,1.93,1.85
20210401,81.375,81.495,82.735,80.575,583143,51423073.0,2.65,-0.2,-0.16,1.78
20210405,82.085,82.485,83.435,81.057,394664,35253108.0,2.92,1.21,0.99,1.21
20210406,82.965,84.225,84.955,82.215,556877,50650939.0,3.32,2.11,1.74,1.7
20210407,84.485,86.595,86.835,83.215,572398,53095991.0,4.3,2.81,2.37,1.75
20210408,86.635,85.895,87.495,85.1,489056,45452896.0,2.77,-0.81,-0.7,1.5
20210409,85.995,88.715,88.745,85.39,323610,30719374.0,3.91,3.28,2.82,0.99
20210412,88.715,86.835,88.715,86.235,475739,44721081.0,2.8,-2.12,-1.88,1.46
20210413,87.065,88.615,89.345,85.275,417735,39669157.0,4.69,2.05,1.78,1.28
20210414,88.645,86.745,88.895,86.585,245972,23241706.0,2.61,-2.11,-1.87,0.75
20210415,87.545,85.735,87.545,85.365,363775,33820227.0,2.51,-1.16,-1.01,1.11
20210416,85.675,86.615,87.005,84.745,271941,25312063.0,2.64,1.03,0.88,0.83
20210419,86.305,87.355,87.355,85.385,274343,25723213.0,2.27,0.85,0.74,0.84
20210420,86.965,86.415,87.895,85.865,191958,17937517.0,2.32,-1.08,-0.94,0.59
20210421,85.845,86.495,86.985,85.295,252182,23542886.0,1.96,0.09,0.08,0.77
20210422,86.895,86.415,87.925,86.17,189397,17786104.0,2.03,-0.09,-0.08,0.58
20210423,86.365,87.855,88.255,85.785,299618,28302111.0,2.86,1.67,1.44,0.92
20210426,88.295,87.835,89.185,87.415,256294,24369613.0,2.01,-0.02,-0.02,0.78
20210427,87.945,88.795,89.515,87.945,271712,26006550.0,1.79,1.09,0.96,0.83
20210428,89.265,89.015,90.055,88.115,363603,34983551.0,2.18,0.25,0.22,1.11
20210429,89.415,90.715,90.815,88.255,307154,29735775.0,2.88,1.91,1.7,0.94
20210430,90.715,89.735,91.355,89.56,309392,30060447.0,1.98,-1.08,-0.98,0.94
20210503,89.735,91.005,91.415,89.575,384701,37598370.0,2.05,1.42,1.27,1.16
20210504,90.985,89.655,90.985,88.995,324122,31318123.0,2.19,-1.48,-1.35,0.98
20210505,89.515,87.015,89.515,85.765,769946,72013365.0,4.18,-2.94,-2.64,2.33
20210506,92.535,93.905,95.505,91.365,1268184,127624622.0,4.76,7.92,6.89,3.83
20210507,94.015,92.365,94.035,91.955,601946,60179955.0,2.22,-1.64,-1.54,1.82
20210510,92.47,88.63,92.93,88.49,535831,51599341.0,4.81,-4.04,-3.735,1.62
20210511,87.12,90.25,90.6,86.62,357359,34393330.0,4.49,1.83,1.62,1.08
20210512,90.22,88.6,91.71,88.05,497654,47805521.0,4.06,-1.83,-1.65,1.5
20210513,88.39,89.78,90.3,87.79,512772,49346251.0,2.83,1.33,1.18,1.55
20210514,90.5,89.89,90.51,88.19,419943,40393723.0,2.58,0.12,0.11,1.27
20210517,89.35,89.44,90.24,88.93,292151,28124003.0,1.46,-0.5,-0.45,0.88
20210518,90.33,89.52,91.15,89.48,274427,26634150.0,1.87,0.09,0.08,0.83
20210519,88.88,87.27,88.88,86.43,384393,36143917.0,2.74,-2.51,-2.25,1.16
20210520,87.96,86.54,88.23,86.24,226270,21175211.0,2.28,-0.84,-0.73,0.68
20210521,86.8,85.43,87.45,84.77,297126,27387005.0,3.1,-1.28,-1.11,0.9
20210524,85.88,87.6,88.1,85.17,378681,35650721.0,3.43,2.54,2.17,1.14
20210525,87.19,86.32,87.91,86.14,355684,33284856.0,2.02,-1.46,-1.28,1.08
20210526,86.18,86.54,87.26,86.08,324822,30331181.0,1.37,0.25,0.22,0.98
20210527,86.92,86.95,87.57,85.92,330882,30938861.0,1.91,0.47,0.41,1.0
20210528,86.84,87.19,88.07,86.56,179938,16936263.0,1.74,0.28,0.24,0.54
20210601,87.54,88.63,89.37,87.37,429893,40922456.0,2.29,1.65,1.44,1.3
20210602,88.45,87.86,90.05,87.29,411270,39006052.0,3.11,-0.87,-0.77,1.24
20210603,88.22,87.8,88.87,86.87,359595,34053672.0,2.28,-0.07,-0.06,1.09
20210604,88.28,87.99,88.51,87.55,154953,14696585.0,1.09,0.22,0.19,0.47
20210607,88.13,89.61,89.61,87.3,264270,25369942.0,2.63,1.84,1.62,0.8
20210608,90.13,93.98,94.71,89.92,690315,69112208.0,5.35,4.88,4.37,2.09
20210609,93.24,94.82,95.9,93.24,558275,56700163.0,2.83,0.89,0.84,1.69
20210610,95.08,94.51,96.05,94.24,421963,42943957.0,1.91,-0.33,-0.31,1.28
20210611,94.8,95.82,95.92,94.34,190880,19483949.0,1.67,1.39,1.31,0.58
20210614,95.92,95.07,96.32,94.74,208849,21304999.0,1.65,-0.78,-0.75,0.63
20210615,95.16,94.31,95.81,94.05,214099,21719389.0,1.85,-0.8,-0.76,0.65
20210616,94.04,94.76,94.95,92.74,321624,32443795.0,2.34,0.48,0.45,0.97
20210617,94.81,96.77,97.64,93.41,432318,44686753.0,4.46,2.12,2.01,1.31
20210618,96.75,97.08,97.51,95.44,555371,57525578.0,2.14,0.32,0.31,1.68
20210621,97.49,98.5,99.179,96.62,546536,57491669.0,2.64,1.46,1.42,1.65
20210622,98.01,98.07,99.065,97.55,285896,30013896.0,1.54,-0.44,-0.43,0.86
20210623,98.16,98.13,99.19,97.75,293177,30845333.0,1.47,0.06,0.06,0.89
20210624,98.76,97.82,99.29,97.73,202386,21271872.0,1.59,-0.32,-0.31,0.61
20210625,97.99,96.32,98.46,96.14,496748,51273014.0,2.37,-1.53,-1.5,1.5
20210628,96.24,97.69,98.0,95.62,249800,25993754.0,2.47,1.42,1.37,0.69
20210629,97.56,97.94,98.95,97.45,163969,17220883.0,1.54,0.26,0.25,0.45
20210630,97.86,97.68,98.71,97.5,279362,29235758.0,1.24,-0.27,-0.26,0.77
20210701,97.89,97.22,98.45,96.59,251654,26176300.0,1.9,-0.47,-0.46,0.69
20210702,97.98,98.52,98.78,96.855,178546,18767443.0,1.98,1.34,1.3,0.49
20210706,97.39,98.21,98.5,96.84,204872,21419476.0,1.68,-0.31,-0.31,0.57
20210707,98.03,98.26,98.72,97.24,470483,49366657.0,1.51,0.05,0.05,1.3
20210708,97.95,99.86,101.14,96.62,532335,56725038.0,4.6,1.63,1.6,1.47
20210709,100.96,104.24,104.5,100.74,464233,51216712.0,3.77,4.39,4.38,1.28
20210712,105.18,103.34,106.58,102.62,378154,41885758.0,3.8,-0.86,-0.9,1.04
20210713,102.63,104.02,105.17,102.63,275622,30574912.0,2.46,0.66,0.68,0.76
20210714,104.48,104.04,105.47,103.9,251076,27925541.0,1.51,0.02,0.02,0.69
20210715,104.24,102.85,104.26,101.27,259562,28404504.0,2.87,-1.14,-1.19,0.72
20210716,103.5,101.64,104.446,101.54,223015,24367408.0,2.83,-1.18,-1.21,0.62
20210719,101.14,102.96,103.08,99.34,352596,38376709.0,3.68,1.3,1.32,0.97
20210720,104.0,104.51,106.02,102.77,365761,40821815.0,3.16,1.51,1.55,1.01
20210721,105.19,104.9,106.94,104.13,328706,36898196.0,2.69,0.37,0.39,0.91
20210722,105.24,112.51,112.86,104.99,675528,79779665.0,7.5,7.25,7.61,1.87
20210723,111.97,111.21,112.6,109.84,331777,39118996.0,2.45,-1.16,-1.3,0.92
20210726,111.32,108.97,111.73,108.49,357353,41430330.0,2.91,-2.01,-2.24,0.99
20210727,109.24,109.13,109.24,107.03,218439,25148936.0,2.03,0.15,0.16,0.6
20210728,108.6,108.38,109.08,106.21,368777,42329919.0,2.63,-0.69,-0.75,1.02
20210729,108.33,108.41,109.92,107.865,244593,28267841.0,1.9,0.03,0.03,0.68
20210730,108.22,107.36,109.14,106.95,211678,24245445.0,2.02,-0.97,-1.05,0.58
20210802,108.24,107.19,108.24,106.03,492210,55994337.0,2.06,-0.16,-0.17,1.35
20210803,107.9,108.99,110.01,105.15,334909,38689746.0,4.53,1.68,1.8,0.92
20210804,108.78,108.39,109.69,107.585,373999,43128862.0,1.93,-0.55,-0.6,1.02
20210805,108.48,113.01,113.02,108.48,903524,106465781.0,4.19,4.26,4.62,2.47
20210806,113.73,113.11,115.83,110.301,604989,72978830.0,4.89,0.09,0.1,1.65
20210809,112.32,111.25,113.0,111.23,353842,41935259.0,1.56,-1.64,-1.86,0.97
20210810,111.35,113.4,113.43,110.57,607018,72027626.0,2.57,1.93,2.15,1.66
20210811,113.09,115.0,115.18,112.5,348848,42354645.0,2.36,1.41,1.6,0.95
20210812,114.44,118.9,119.45,114.25,587850,73590807.0,4.52,3.39,3.9,1.61
20210813,117.88,121.2,121.56,117.3,511498,64880272.0,3.58,1.93,2.3,1.4
20210816,119.9,120.68,121.615,117.98,371123,47030228.0,3.0,-0.43,-0.52,1.02
20210817,119.9,121.49,122.66,119.9,335586,42980952.0,2.29,0.67,0.81,0.92
20210818,122.07,120.91,123.69,120.8,297398,38231884.0,2.38,-0.48,-0.58,0.81
20210819,120.36,121.09,122.03,119.61,285714,36415454.0,2.0,0.15,0.18,0.78
20210820,119.155,116.34,119.155,114.169,565987,69476483.0,4.12,-3.92,-4.75,1.55
20210823,116.36,116.65,116.9,114.75,468015,57289628.0,1.85,0.27,0.31,1.28
20210824,117.12,117.12,117.79,115.31,375034,46251723.0,2.13,0.4,0.47,1.03
20210825,117.49,117.03,118.3,116.91,216823,26848800.0,1.19,-0.08,-0.09,0.59
20210826,116.39,118.25,118.66,115.92,235674,29327602.0,2.34,1.04,1.22,0.64
20210827,117.97,118.61,119.3,117.8,318409,39827191.0,1.27,0.3,0.36,0.87
20210830,118.02,119.16,119.63,117.75,238727,29920224.0,1.59,0.46,0.55,0.65
20210831,119.16,121.12,121.34,118.65,302495,38477923.0,2.26,1.64,1.96,0.83
20210901,121.05,123.3,123.69,120.44,589379,76230302.0,2.68,1.8,2.18,1.61
20210902,123.93,123.57,125.73,122.83,390047,50872478.0,2.35,0.22,0.27,1.07
20210903,122.88,124.04,124.18,122.44,248070,32308169.0,1.41,0.38,0.47,0.68
20210907,124.5,123.89,124.88,122.64,305670,39868542.0,1.81,-0.12,-0.15,0.84
20210908,124.24,121.79,124.9,121.75,271435,34979575.0,2.54,-1.7,-2.1,0.74
20210909,121.61,122.32,123.235,121.61,258550,33309915.0,1.33,0.44,0.53,0.71
20210910,123.44,122.99,125.04,122.403,200745,26110372.0,2.16,0.55,0.67,0.55
20210913,123.72,122.25,123.72,121.365,187495,24137244.0,1.91,-0.6,-0.74,0.51
20210914,122.52,121.4,122.68,121.1,215335,27580613.0,1.29,-0.7,-0.85,0.59
20210915,121.92,123.81,125.05,119.61,412308,53574713.0,4.48,1.99,2.41,1.13
20210916,123.79,124.04,125.37,123.015,258438,33757303.0,1.9,0.19,0.23,0.71
20210917,124.45,122.71,125.958,122.02,624924,81012506.0,3.17,-1.07,-1.33,1.71
20210920,121.56,122.14,123.39,121.05,292213,37541864.0,1.91,-0.46,-0.57,0.8
20210921,122.14,123.05,124.37,121.98,288242,37439532.0,1.96,0.75,0.91,0.79
20210922,123.27,122.2,124.365,121.985,250305,32331617.0,1.93,-0.69,-0.85,0.68
20210923,122.22,122.7,124.23,122.22,288351,37330808.0,1.64,0.41,0.5,0.79
20210924,122.83,123.31,124.45,122.75,220976,28674015.0,1.39,0.5,0.61,0.6
20210927,123.04,122.26,123.46,121.0,277937,35737362.0,1.99,-0.85,-1.05,0.76
20210928,121.61,118.78,121.735,118.51,247450,31109703.0,2.64,-2.85,-3.48,0.68
20210929,117.63,121.89,123.76,117.63,459915,59019713.0,5.16,2.62,3.11,1.26
20210930,122.68,120.58,123.68,120.23,294849,37662679.0,2.83,-1.07,-1.31,0.81
20211001,121.45,121.56,122.76,118.6,282954,36115278.0,3.45,0.81,0.98,0.77
20211004,121.03,120.04,121.57,118.13,183806,23177433.0,2.83,-1.25,-1.52,0.5
20211005,120.09,118.78,121.09,118.64,238471,29977031.0,2.04,-1.05,-1.26,0.65
20211006,119.41,121.27,121.42,117.315,280463,35323648.0,3.46,2.1,2.49,0.77
20211007,121.57,121.0,123.42,120.69,220239,28200930.0,2.25,-0.22,-0.27,0.6
20211008,121.0,118.14,121.0,118.12,166358,20880216.0,2.38,-2.36,-2.86,0.45
20211011,117.96,117.69,120.05,117.231,172224,21559304.0,2.39,-0.38,-0.45,0.47
20211012,119.988,119.95,121.47,117.85,269011,34073655.0,3.08,1.92,2.26,0.74
20211013,119.95,119.19,120.01,118.02,245146,30772470.0,1.66,-0.63,-0.76,0.67
20211014,117.15,118.97,121.885,115.91,458299,57704467.0,5.01,-0.18,-0.22,1.25
20211015,121.25,115.98,121.25,115.5,275034,34067262.0,4.83,-2.51,-2.99,0.75
20211018,115.37,117.65,118.51,114.6,276805,34324216.0,3.37,1.44,1.67,0.76
20211019,117.51,116.12,117.74,115.47,237937,29226293.0,1.93,-1.3,-1.53,0.65
20211020,115.39,114.52,117.29,114.14,236324,28760498.0,2.71,-1.38,-1.6,0.65
20211021,115.07,114.66,115.18,113.86,221536,26799858.0,1.15,0.12,0.14,0.61
20211022,113.45,114.87,115.335,113.38,340604,41194732.0,1.71,0.18,0.21,0.93
20211025,114.61,114.63,115.385,113.82,384071,46536141.0,1.36,-0.21,-0.24,1.05
20211026,115.0,112.25,115.0,111.37,318284,37891638.0,3.17,-2.08,-2.38,0.87
20211027,112.83,113.27,114.92,112.2,289645,34815567.0,2.42,0.91,1.02,0.79
20211028,113.36,115.28,115.55,113.16,348241,42200044.0,2.11,1.77,2.01,0.95
20211029,114.79,117.67,118.005,114.52,338465,41878365.0,3.02,2.07,2.39,0.93
20211101,117.79,119.35,119.54,117.12,293580,36766813.0,2.06,1.43,1.68,0.81
20211102,119.59,117.99,119.59,115.81,288483,35698086.0,3.17,-1.14,-1.36,0.79
20211103,118.39,116.86,122.27,115.18,822403,102634713.0,6.01,-0.96,-1.13,2.26
20211104,123.59,133.6,134.27,122.99,1231048,168451383.0,9.65,14.32,16.74,3.39
20211105,129.49,125.88,130.33,124.27,874792,116273623.0,4.54,-5.78,-7.72,2.41
20211108,126.08,124.07,127.79,123.14,429437,56068417.0,3.69,-1.44,-1.81,1.18
20211109,124.6,125.91,128.88,123.94,357499,47450100.0,3.98,1.48,1.84,0.98
20211110,125.1,122.43,125.62,121.06,313886,40410122.0,3.62,-2.76,-3.48,0.86
20211111,122.44,123.9,124.94,121.8,286485,37334206.0,2.56,1.2,1.47,0.79
20211112,122.03,124.07,124.94,122.03,377052,49037048.0,2.35,0.14,0.17,1.04
20211115,125.14,124.74,125.53,123.44,423765,55373200.0,1.68,0.54,0.67,1.17
20211116,124.8,123.25,125.31,122.65,303003,39297949.0,2.13,-1.19,-1.49,0.83
20211117,122.82,123.58,124.74,121.95,318238,41254439.0,2.26,0.27,0.33,0.88
20211118,123.77,125.72,126.51,122.02,229793,30162243.0,3.63,1.73,2.14,0.63
20211119,125.72,127.0,127.92,125.527,290497,38670464.0,1.9,1.02,1.28,0.8
20211122,126.48,124.44,128.31,123.84,342764,45085790.0,3.52,-2.02,-2.56,0.94
20211123,124.47,124.46,126.17,122.155,372399,48594889.0,3.23,0.02,0.02,1.02
20211124,122.47,127.78,127.89,122.47,328230,43575569.0,4.35,2.67,3.32,0.9
20211126,126.36,122.78,129.74,122.31,393756,51603440.0,5.81,-3.91,-5.0,1.08
20211129,122.84,120.15,124.13,119.94,418840,53505849.0,3.41,-2.14,-2.63,1.15
20211130,119.68,115.86,120.55,115.29,860766,105275670.0,4.38,-3.57,-4.29,2.37
20211201,117.23,114.06,119.7,113.88,354806,43417318.0,5.02,-1.55,-1.8,0.98
20211202,113.91,119.01,119.41,113.82,449075,55705778.0,4.9,4.34,4.95,1.23
20211203,120.22,118.23,120.22,116.35,371018,46038196.0,3.25,-0.66,-0.78,1.02
20211206,118.94,122.2,122.58,118.18,353472,44950082.0,3.72,3.36,3.97,0.97
20211207,123.94,124.78,125.17,122.31,319127,41648255.0,2.34,2.11,2.58,0.88
20211208,125.09,126.96,128.6,124.94,287428,38282492.0,2.93,1.75,2.18,0.79
20211209,125.77,124.64,127.35,124.45,276612,36372517.0,2.28,-1.83,-2.32,0.76
20211210,124.69,122.28,124.91,121.72,189944,24434148.0,2.56,-1.89,-2.36,0.52
20211213,122.55,122.17,122.9,120.55,275439,35237988.0,1.92,-0.09,-0.11,0.76
20211214,121.82,122.08,123.43,120.84,417624,53529613.0,2.12,-0.07,-0.09,1.15
20211215,120.86,125.52,125.6,120.3,305294,39579130.0,4.34,2.82,3.44,0.84
20211216,126.62,122.97,126.72,121.935,247024,32036701.0,3.81,-2.03,-2.55,0.68
20211217,123.76,125.04,127.05,122.2,508902,66813171.0,3.94,1.68,2.07,1.4
20211220,123.95,125.27,125.8,122.44,391723,51158326.0,2.69,0.18,0.23,1.08
20211221,125.98,124.4,126.85,123.99,315053,41302046.0,2.28,-0.69,-0.87,0.87
20211222,125.61,125.06,126.3,124.09,235290,30887387.0,1.78,0.53,0.66,0.65
20211223,125.44,126.54,127.63,125.14,283935,37668020.0,1.99,1.18,1.48,0.78
20211227,126.54,128.57,129.13,126.54,350534,47093171.0,2.05,1.6,2.03,0.98
20211228,128.75,128.0,129.634,127.09,169123,22720637.0,1.98,-0.44,-0.57,0.47
20211229,128.32,131.87,132.04,127.525,233442,31959696.0,3.53,3.02,3.87,0.65
20211230,132.24,128.63,132.465,128.51,238117,32313803.0,3.0,-2.46,-3.24,0.67
20211231,128.57,127.41,129.94,126.61,257460,34440963.0,2.59,-0.95,-1.22,0.72
20220103,127.34,127.08,127.34,124.59,301863,39895009.0,2.16,-0.26,-0.33,0.84
20220104,127.04,119.51,127.2,119.47,467102,59625484.0,6.08,-5.96,-7.57,1.3
20220105,118.67,116.85,119.405,116.19,576706,71369703.0,2.69,-2.23,-2.66,1.61
20220106,117.16,119.86,122.664,116.44,393181,49512271.0,5.33,2.58,3.01,1.1
20220107,124.11,121.61,126.84,121.23,525585,68220589.0,4.68,1.46,1.75,1.47
20220110,119.8,121.01,122.39,117.52,550016,69402447.0,4.0,-0.49,-0.6,1.54
20220111,120.97,116.43,120.97,115.86,437296,53995971.0,4.22,-3.78,-4.58,1.22
20220112,116.81,114.36,117.48,112.81,437891,52717727.0,4.01,-1.78,-2.07,1.22
20220113,114.65,113.32,115.85,113.14,276049,33214967.0,2.37,-0.91,-1.04,0.77
20220114,113.09,112.09,113.4,109.02,421700,49500920.0,3.87,-1.09,-1.23,1.18
20220118,111.88,112.49,114.51,110.02,461395,54717917.0,4.01,0.36,0.4,1.29
20220119,111.7,109.76,113.06,109.55,376156,43966387.0,3.12,-2.43,-2.73,1.05
20220120,110.44,108.65,114.02,108.32,469551,54960143.0,5.19,-1.01,-1.11,1.31
20220121,107.96,108.32,111.3,107.89,345335,39785475.0,3.14,-0.3,-0.33,0.96
20220124,107.24,112.62,113.86,106.55,745794,87454592.0,6.75,3.97,4.3,2.08
20220125,111.85,111.05,112.82,108.44,414339,48339440.0,3.89,-1.39,-1.57,1.16
20220126,111.79,110.36,114.54,109.22,397905,46845203.0,4.79,-0.62,-0.69,1.11
20220127,110.52,112.01,113.09,110.44,613743,72497690.0,2.4,1.5,1.65,1.71
20220128,111.83,116.75,116.77,110.23,417680,50300177.0,5.84,4.23,4.74,1.17
20220131,116.19,117.39,117.75,115.16,436208,53608226.0,2.22,0.55,0.64,1.22
20220201,116.85,118.13,118.51,114.25,346242,42603753.0,3.63,0.63,0.74,0.97
20220202,119.9,118.91,120.56,117.04,347645,43286140.0,2.98,0.66,0.78,0.97
20220203,117.86,116.47,118.696,116.14,291742,35897391.0,2.15,-2.05,-2.44,0.81
20220204,115.71,115.49,116.71,114.81,234957,28506081.0,1.63,-0.84,-0.98,0.66
20220207,115.72,113.16,115.85,112.925,313370,37490087.0,2.53,-2.02,-2.33,0.88
20220208,113.15,114.31,115.03,113.15,278047,33352854.0,1.66,1.02,1.15,0.78
20220209,116.32,114.89,118.29,114.42,336499,40737764.0,3.39,0.51,0.58,0.94
20220210,113.48,110.24,115.07,110.12,576672,67593508.0,4.31,-4.05,-4.65,1.61
20220211,110.34,110.18,113.175,109.44,488358,56938914.0,3.39,-0.05,-0.06,1.36
20220214,110.3,111.34,111.87,109.58,304544,35509401.0,2.08,1.05,1.16,0.85
20220215,111.88,110.98,113.33,110.65,392580,46122003.0,2.41,-0.32,-0.36,1.1
20220216,110.49,110.66,110.97,108.34,600820,69606188.0,2.37,-0.29,-0.32,1.68
20220217,110.34,108.74,111.105,108.73,336815,38877580.0,2.15,-1.74,-1.92,0.94
20220218,108.93,108.56,109.47,106.23,448420,51036505.0,2.98,-0.17,-0.18,1.24
20220222,109.0,105.3,109.0,104.29,473273,52812232.0,4.34,-3.0,-3.26,1.31
20220223,105.62,100.83,106.11,100.81,955536,103051189.0,5.03,-4.25,-4.47,2.65
20220224,98.12,100.11,101.64,95.84,1334500,139376631.0,5.75,-0.71,-0.72,3.71
20220225,99.68,101.42,101.745,97.655,759004,80431956.0,4.09,1.31,1.31,2.11
20220228,99.72,101.11,101.46,98.365,707459,75016968.0,3.05,-0.31,-0.31,1.96
20220301,100.24,103.14,104.28,97.75,1218607,131993002.0,6.46,2.01,2.03,3.38
20220302,103.68,102.47,105.775,102.13,457713,49861175.0,3.53,-0.65,-0.67,1.27
20220303,102.17,97.32,103.44,97.01,489270,50984714.0,6.28,-5.03,-5.15,1.36
20220304,96.25,96.61,97.24,93.375,546848,55435152.0,3.97,-0.73,-0.71,1.52
20220307,96.09,88.67,96.09,88.5,773494,74722506.0,7.86,-8.22,-7.94,2.15
20220308,88.05,88.46,92.12,87.36,602845,57272701.0,5.37,-0.24,-0.21,1.67
20220309,89.21,92.74,93.325,89.006,510669,50046770.0,4.88,4.84,4.28,1.42
20220310,92.13,91.24,93.16,89.12,443359,42836124.0,4.36,-1.62,-1.5,1.23
20220311,92.06,89.15,92.06,87.95,490011,46460213.0,4.5,-2.29,-2.09,1.36
20220314,89.69,91.17,94.04,88.97,579843,56431152.0,5.69,2.27,2.02,1.61
20220315,90.94,92.81,94.16,90.71,492388,48361278.0,3.78,1.8,1.64,1.37
20220316,93.84,95.83,97.47,93.57,484767,49151226.0,4.2,3.25,3.02,1.35
20220317,95.18,94.76,96.55,94.46,307687,31056598.0,2.18,-1.12,-1.07,0.85
20220318,93.46,97.6,98.14,93.46,456140,46531822.0,4.94,3.0,2.84,1.27
20220321,96.84,94.76,97.68,93.73,425483,42751297.0,4.05,-2.91,-2.84,1.18
20220322,95.3,94.92,96.028,92.75,566166,56801547.0,3.46,0.17,0.16,1.57
20220323,94.86,93.86,95.36,92.81,310768,31003036.0,2.69,-1.12,-1.06,0.86
20220324,93.53,94.08,94.675,91.44,348877,34484362.0,3.45,0.23,0.22,0.97
20220325,94.6,94.66,95.28,92.07,390447,39043077.0,3.41,0.62,0.58,1.08
20220328,94.72,96.47,96.93,94.29,380041,38602134.0,2.79,1.91,1.81,1.06
20220329,97.68,100.45,101.11,96.89,571770,60514435.0,4.37,4.13,3.98,1.59
20220330,99.55,100.0,101.73,98.79,514545,54499062.0,2.93,-0.45,-0.45,1.43
20220331,99.85,99.57,101.36,98.235,366771,38617025.0,3.13,-0.43,-0.43,1.03
20220401,100.08,101.1,102.26,99.98,418099,44555346.0,2.29,1.54,1.53,1.17
20220404,100.13,101.27,102.82,99.935,569859,61103989.0,2.85,0.17,0.17,1.6
20220405,101.32,101.02,101.425,98.07,348774,36974289.0,3.31,-0.25,-0.25,0.98
20220406,100.28,100.09,101.1,97.93,517471,54636542.0,3.14,-0.92,-0.93,1.45
20220407,99.24,99.78,101.06,98.11,430241,45293779.0,2.95,-0.31,-0.31,1.21
20220408,100.06,98.09,100.57,98.03,324266,33999804.0,2.55,-1.69,-1.69,0.91
20220411,97.02,96.74,98.17,95.28,508604,51975004.0,2.95,-1.38,-1.35,1.43
20220412,97.25,97.0,98.97,96.4,287948,29701086.0,2.66,0.27,0.26,0.81
20220413,97.24,98.24,98.53,96.285,350922,36478341.0,2.31,1.28,1.24,0.98
20220414,98.63,95.4,98.76,95.0,407797,41567932.0,3.83,-2.89,-2.84,1.14
20220418,94.78,96.12,96.18,93.31,384818,38893421.0,3.01,0.75,0.72,1.08
20220419,96.55,99.84,100.54,96.32,355519,37430008.0,4.39,3.87,3.72,1.0
20220420,100.59,100.14,101.13,99.83,352482,37356653.0,1.3,0.3,0.3,0.99
20220421,100.27,98.97,102.26,98.6,306859,32361595.0,3.65,-1.17,-1.17,0.86
20220422,98.29,95.13,98.59,95.0,493440,50360369.0,3.63,-3.88,-3.84,1.38
20220425,94.29,97.91,98.45,93.105,560901,57241285.0,5.62,2.92,2.78,1.57
20220426,97.23,90.61,97.23,89.84,577582,56411052.0,7.55,-7.46,-7.3,1.62
20220427,91.04,89.45,92.075,88.75,620127,59345928.0,3.67,-1.28,-1.16,1.74
20220428,88.35,86.33,90.14,85.98,1035848,96258894.0,4.65,-3.49,-3.12,2.9
20220429,85.02,85.34,87.43,84.55,642925,58839366.0,3.34,-1.15,-0.99,1.8
20220502,85.89,86.27,87.02,84.06,491345,45013163.0,3.47,1.09,0.93,1.37
20220503,85.88,84.07,86.31,82.692,612089,54892645.0,4.19,-2.55,-2.2,1.71
20220504,84.84,87.06,87.37,82.32,935329,84787949.0,6.01,3.56,2.99,2.61
20220505,91.3,84.33,92.13,82.595,1026994,93926724.0,10.95,-3.14,-2.73,2.87
20220506,82.8,81.65,84.24,80.66,866396,75722793.0,4.25,-3.18,-2.68,2.42
20220509,79.76,77.83,80.35,77.37,751253,63245644.0,3.65,-4.68,-3.82,2.1
20220510,78.65,80.35,80.74,76.33,805565,68386611.0,5.67,3.24,2.52,2.25
20220511,79.67,76.1,79.67,75.9,968271,80203878.0,4.69,-5.29,-4.25,2.71
20220512,75.03,74.45,77.53,72.851,549321,44186831.0,6.15,-2.17,-1.65,1.53
20220513,74.96,76.3,77.66,74.96,409482,33514450.0,3.63,2.48,1.85,1.14
20220516,75.91,76.25,76.6,74.22,652135,52926920.0,3.12,-0.07,-0.05,1.82
20220517,77.8,75.69,77.87,75.13,291180,23670049.0,3.59,-0.73,-0.56,0.81
20220518,74.74,71.06,74.74,70.15,653132,50234193.0,6.06,-6.12,-4.63,1.82
20220519,70.84,72.01,72.52,70.39,561956,43358704.0,3.0,1.34,0.95,1.57
20220520,73.0,71.64,73.055,69.1,495383,37767511.0,5.49,-0.51,-0.37,1.38
20220523,72.41,72.41,73.27,69.82,488477,37878509.0,4.82,1.07,0.77,1.36
20220524,71.34,72.51,72.7,69.91,484843,37439760.0,3.85,0.14,0.1,1.35
20220525,72.67,77.69,78.64,71.96,915983,74884997.0,9.21,7.14,5.18,2.56
20220526,77.07,79.62,80.74,76.93,675074,57321215.0,4.9,2.48,1.93,1.89
20220527,79.65,82.65,82.88,79.41,586896,51457224.0,4.36,3.81,3.03,1.64
20220531,81.72,82.65,83.55,81.435,614145,53972155.0,2.56,0.0,0.0,1.72
20220601,83.14,83.34,84.09,82.13,564896,49992674.0,2.37,0.83,0.69,1.58
20220602,82.87,85.54,86.5,82.87,477616,43348917.0,4.36,2.64,2.2,1.33
20220603,84.39,82.47,85.47,82.31,531639,47090759.0,3.69,-3.59,-3.07,1.49
20220606,83.14,83.81,84.02,81.865,342479,30289104.0,2.61,1.62,1.34,0.96
20220607,82.63,83.86,85.1,82.63,308030,27566133.0,2.95,0.06,0.05,0.86
20220608,83.18,82.77,84.67,81.92,331827,29259581.0,3.28,-1.3,-1.09,0.93
20220609,82.21,82.03,83.22,81.43,303006,26585288.0,2.16,-0.89,-0.74,0.85
20220610,80.28,78.12,81.144,77.74,546327,45754474.0,4.15,-4.77,-3.91,1.53
20220613,75.87,78.26,79.13,75.37,579416,47921852.0,4.81,0.18,0.14,1.62
20220614,78.16,77.63,80.615,77.35,555711,46479433.0,4.17,-0.81,-0.63,1.55
20220615,78.2,77.97,79.26,77.23,427994,35749407.0,2.61,0.44,0.34,1.2
20220616,76.25,75.93,76.5,74.69,578807,46928656.0,2.32,-2.62,-2.04,1.62
20220617,76.82,75.37,77.87,74.99,482601,39210212.0,3.79,-0.74,-0.56,1.35
20220621,76.13,76.63,77.33,75.56,281103,23020134.0,2.35,1.67,1.26,0.79
20220622,75.15,75.89,76.82,74.77,388628,31614026.0,2.68,-0.97,-0.74,1.09
20220623,75.99,78.25,78.5,75.99,323474,26835751.0,3.31,3.11,2.36,0.9
20220624,78.25,78.26,79.19,77.185,879979,73385768.0,2.56,0.01,0.01,2.46
20220627,78.17,79.2,79.39,77.44,417190,35101761.0,2.49,1.2,0.94,1.18
20220628,79.51,78.69,79.97,78.666,371254,31355685.0,1.65,-0.64,-0.51,1.05
20220629,79.07,79.8,80.12,77.58,339059,28721887.0,3.23,1.41,1.11,0.96
20220630,79.2,78.16,79.52,77.68,438084,36717142.0,2.31,-2.06,-1.64,1.24
20220701,77.72,81.24,81.56,77.72,426217,36606705.0,4.91,3.94,3.08,1.21
20220705,79.98,80.11,81.11,78.74,469929,40044741.0,2.92,-1.39,-1.13,1.33
20220706,80.44,79.8,80.62,78.07,358741,30508864.0,3.18,-0.39,-0.31,1.02
20220707,80.73,81.86,82.699,79.98,511953,44523750.0,3.41,2.58,2.06,1.45
20220708,81.67,81.34,82.61,80.225,471050,40790126.0,2.91,-0.64,-0.52,1.34
20220711,81.16,80.3,81.49,79.72,230262,19708791.0,2.18,-1.28,-1.04,0.65
20220712,80.57,79.27,81.51,79.06,374788,32020352.0,3.05,-1.28,-1.03,1.06
20220713,77.63,80.13,80.86,77.63,363985,31051253.0,4.07,1.08,0.86,1.03
20220714,79.04,76.81,80.0,74.85,424002,35107884.0,6.43,-4.14,-3.32,1.2
20220715,78.08,79.34,80.76,77.68,459535,39075122.0,4.01,3.29,2.53,1.3
20220718,79.18,76.51,79.84,76.44,510324,42244791.0,4.29,-3.57,-2.83,1.45
20220719,77.69,80.56,80.92,76.87,405557,34716613.0,5.29,5.29,4.05,1.15
20220720,80.74,81.83,82.93,80.47,438946,38299069.0,3.05,1.58,1.27,1.25
20220721,80.44,81.4,82.42,80.05,406290,35231772.0,2.9,-0.53,-0.43,1.15
20220722,81.62,80.85,82.06,80.27,285690,24663207.0,2.2,-0.68,-0.55,0.81
20220725,81.58,79.26,81.859,78.49,365033,30875266.0,4.17,-1.97,-1.59,1.04
20220726,78.53,78.53,79.31,77.68,379576,31877836.0,2.06,-0.92,-0.73,1.08
20220727,79.51,79.95,80.43,78.93,385642,32840326.0,1.91,1.81,1.42,1.09
20220728,80.02,84.68,84.79,79.77,766851,68469767.0,6.28,5.92,4.73,2.18
20220729,85.14,90.53,90.69,83.88,1238261,116722878.0,8.04,6.91,5.85,3.5
20220801,89.56,88.91,92.25,88.76,695860,66461611.0,3.86,-1.79,-1.62,1.97
20220802,87.82,89.46,90.63,87.76,505438,48051174.0,3.23,0.62,0.55,1.43
20220803,90.24,91.41,92.035,89.43,625988,60404476.0,2.91,2.18,1.95,1.77
20220804,90.53,88.53,90.53,86.19,980772,91819949.0,4.75,-3.15,-2.88,2.77
20220805,86.64,86.59,87.8,85.35,825058,75864083.0,2.77,-2.19,-1.94,2.33
20220808,86.72,87.9,88.77,86.72,534541,49908745.0,2.37,1.51,1.31,1.51
20220809,86.62,85.37,87.267,84.51,504184,45774094.0,3.14,-2.88,-2.53,1.43
20220810,86.91,85.47,87.14,85.0,586333,53483987.0,2.51,0.12,0.1,1.66
20220811,85.93,85.14,87.528,84.95,566103,51618744.0,3.02,-0.39,-0.33,1.6
20220812,85.57,87.95,87.95,85.19,351459,32178551.0,3.24,3.3,2.81,0.99
20220815,87.57,91.04,91.61,86.77,537431,51376797.0,5.5,3.51,3.09,1.52
20220816,90.98,88.56,90.98,87.91,441427,41359062.0,3.37,-2.72,-2.48,1.25
20220817,88.78,88.2,89.52,87.98,335174,31344765.0,1.74,-0.41,-0.36,0.95
20220818,87.71,87.18,88.81,86.44,412522,38099440.0,2.69,-1.16,-1.02,1.17
20220819,86.06,83.37,86.94,83.05,632471,56385762.0,4.46,-4.37,-3.81,1.79
20220822,82.55,80.96,82.55,80.32,492612,42336138.0,2.67,-2.89,-2.41,1.39
20220823,80.72,79.93,81.51,79.86,392034,33489030.0,2.04,-1.27,-1.03,1.11
20220824,79.57,80.78,82.06,79.2,378002,32463936.0,3.58,1.06,0.85,1.07
20220825,80.42,81.11,81.42,79.91,310170,26562802.0,1.87,0.41,0.33,0.88
20220826,81.59,77.09,81.59,76.99,436242,36301785.0,5.67,-4.96,-4.02,1.23
20220829,76.56,77.26,77.915,76.04,459460,37647661.0,2.43,0.22,0.17,1.3
20220830,77.4,79.36,79.47,76.49,650840,54403512.0,3.86,2.72,2.1,1.84
20220831,79.37,75.89,79.83,75.725,499252,40737309.0,5.17,-4.37,-3.47,1.41
20220901,74.93,75.5,75.6,72.565,593953,46971087.0,4.0,-0.51,-0.39,1.68
20220902,76.38,74.33,76.38,73.525,508230,40395117.0,3.78,-1.55,-1.17,1.44
20220906,74.33,74.91,75.47,73.06,501651,39937894.0,3.24,0.78,0.58,1.42
20220907,74.92,77.78,77.81,74.92,419927,34392080.0,3.86,3.83,2.87,1.19
20220908,77.24,79.09,79.265,76.78,407537,33998377.0,3.19,1.68,1.31,1.15
20220909,80.05,79.56,80.27,79.4,426673,36116264.0,1.1,0.59,0.47,1.21
20220912,80.25,79.51,80.74,78.769,337643,28494117.0,2.48,-0.06,-0.05,0.96
20220913,77.51,76.93,78.43,75.73,496334,40531732.0,3.4,-3.24,-2.58,1.4
20220914,77.28,76.26,77.67,74.935,554024,45011061.0,3.56,-0.87,-0.67,1.57
20220915,75.84,75.22,77.485,74.54,433278,34935259.0,3.86,-1.36,-1.04,1.23
20220916,74.57,74.06,74.95,72.27,677407,53365524.0,3.56,-1.54,-1.16,1.92
20220919,72.99,71.83,74.365,71.71,472276,36442996.0,3.58,-3.01,-2.23,1.34
20220920,70.06,70.51,70.73,67.72,904985,67577424.0,4.19,-1.84,-1.32,2.56
20220921,71.13,71.63,74.2,70.465,547571,42241549.0,5.3,1.59,1.12,1.55
20220922,71.3,69.18,71.64,68.39,499990,37115694.0,4.54,-3.42,-2.45,1.41
20220923,69.06,70.21,71.489,68.635,874260,65472207.0,4.13,1.49,1.03,2.47
20220926,70.04,70.46,72.1,69.4,905628,68532365.0,3.85,0.36,0.25,2.58
20220927,71.15,70.44,71.34,69.75,443447,33376776.0,2.26,-0.03,-0.02,1.26
20220928,71.01,70.16,71.56,69.79,729207,54981283.0,2.51,-0.4,-0.28,2.08
20220929,69.4,66.8,69.44,65.78,591865,42445297.0,5.22,-4.79,-3.36,1.69
20220930,66.07,65.07,68.85,65.0,639483,45479124.0,5.76,-2.59,-1.73,1.82
20221003,65.34,68.51,69.18,63.68,639913,46626369.0,8.45,5.29,3.44,1.82
20221004,69.66,70.62,71.075,69.355,809115,60970816.0,2.51,3.08,2.11,2.31
20221005,69.76,69.49,70.6,68.92,774031,57818208.0,2.38,-1.6,-1.13,2.21
20221006,69.81,66.87,70.17,66.535,583630,42297389.0,5.23,-3.77,-2.62,1.66
20221007,66.07,63.74,66.39,61.8,969636,66300798.0,6.86,-4.68,-3.13,2.77
20221010,64.46,65.3,65.61,62.89,580631,40360222.0,4.27,2.45,1.56,1.66
20221011,65.33,63.81,66.335,63.17,630810,43711036.0,4.85,-2.28,-1.49,1.8
20221012,63.92,64.81,65.45,62.51,589563,40977533.0,4.61,1.57,1.0,1.68
20221013,67.14,67.81,69.44,65.49,877356,63939347.0,6.09,4.63,3.0,2.5
20221014,68.3,63.36,68.75,63.18,652335,45154068.0,8.21,-6.56,-4.45,1.86
20221017,64.4,67.3,67.58,64.4,491169,35220658.0,5.02,6.22,3.94,1.4
20221018,68.66,68.23,69.735,67.3,439220,32143839.0,3.62,1.38,0.93,1.25
20221019,66.91,66.7,68.26,65.83,587246,42100611.0,3.56,-2.24,-1.53,1.67
20221020,66.84,65.16,68.05,64.67,431942,30463195.0,5.07,-2.31,-1.54,1.23
20221021,65.27,65.51,66.31,64.32,814144,57276303.0,3.05,0.54,0.35,2.32
20221024,65.05,65.02,65.81,63.72,487141,34082795.0,3.19,-0.75,-0.49,1.39
20221025,64.9,66.12,67.24,64.42,330861,23566431.0,4.34,1.69,1.1,0.94
20221026,66.82,65.61,67.64,65.48,438769,31281454.0,3.27,-0.77,-0.51,1.25
20221027,66.3,65.91,67.56,65.7,378860,27032242.0,2.83,0.46,0.3,1.08
20221028,65.98,67.37,68.14,65.76,536844,38775518.0,3.61,2.22,1.46,1.52
20221031,67.54,67.69,69.09,67.04,583226,42522499.0,3.04,0.47,0.32,1.65
20221101,68.08,69.07,69.22,67.21,875879,64204957.0,2.97,2.04,1.38,2.48
20221102,69.06,68.57,71.46,68.41,934160,69557537.0,4.42,-0.72,-0.5,2.64
20221103,67.69,70.21,72.45,66.89,905024,67883202.0,8.11,2.39,1.64,2.56
20221104,70.6,70.58,71.92,69.197,792619,59650684.0,3.88,0.53,0.37,2.24
20221107,70.0,71.16,71.585,68.985,715957,53961794.0,3.68,0.82,0.58,2.03
20221108,71.28,71.47,72.55,69.71,602740,45969300.0,3.99,0.44,0.31,1.71
20221109,70.75,73.02,73.13,70.73,649985,50360388.0,3.36,2.17,1.55,1.84
20221110,75.29,77.66,77.77,73.5,726003,58801740.0,5.85,6.35,4.64,2.06
20221111,77.86,82.69,83.845,77.395,1137628,98723912.0,8.31,6.48,5.03,3.22
20221114,82.39,82.46,83.68,81.83,839735,73146137.0,2.24,-0.28,-0.23,2.38
20221115,83.16,80.39,84.38,80.09,617332,53076344.0,5.2,-2.51,-2.07,1.75
20221116,80.6,79.88,81.165,79.115,437586,36985759.0,2.55,-0.63,-0.51,1.24
20221117,78.32,76.83,78.787,75.72,509261,41470138.0,3.84,-3.82,-3.05,1.44
20221118,78.25,76.19,79.14,75.91,553462,44956514.0,4.2,-0.83,-0.64,1.57
20221121,76.02,77.81,79.1,76.02,545463,45011396.0,4.04,2.13,1.62,1.54
20221122,77.56,77.91,78.3,75.58,336241,27557312.0,3.5,0.13,0.1,0.95
20221123,78.15,79.57,79.63,77.15,431465,36027510.0,3.18,2.13,1.66,1.22
20221125,79.57,78.8,80.21,78.695,194637,16321623.0,1.9,-0.97,-0.77,0.55
20221128,78.51,78.0,79.28,77.17,365507,30205052.0,2.68,-1.02,-0.8,1.03
20221129,77.75,77.06,78.68,77.05,286764,23539310.0,2.09,-1.21,-0.94,0.81
20221130,77.21,78.74,79.23,76.23,469488,38884165.0,3.89,2.18,1.68,1.33
20221201,79.44,78.61,80.11,78.38,355728,29644668.0,2.2,-0.17,-0.13,1.01
20221202,77.49,78.6,80.025,76.61,362008,29914580.0,4.34,-0.01,-0.01,1.02
20221205,78.23,77.9,78.9,77.39,347776,28702869.0,1.92,-0.89,-0.7,0.98
20221206,77.49,76.05,77.87,75.275,344883,27822587.0,3.33,-2.37,-1.85,0.98
20221207,76.01,75.93,78.16,75.495,435302,35171892.0,3.5,-0.16,-0.12,1.23
20221208,76.41,79.1,79.12,76.05,559842,46267463.0,4.04,4.17,3.17,1.58
20221209,79.56,80.58,83.98,78.998,679885,58595869.0,6.3,1.87,1.48,1.92
20221212,79.92,81.13,81.22,79.13,401171,34197085.0,2.59,0.68,0.55,1.14
20221213,84.13,83.0,85.07,82.15,596682,52441879.0,3.6,2.3,1.87,1.69
20221214,82.45,84.23,84.83,82.45,496087,43843654.0,2.87,1.48,1.23,1.4
20221215,83.31,80.16,83.67,79.71,493650,41945314.0,4.7,-4.83,-4.07,1.4
20221216,79.04,78.98,80.049,78.52,615742,51452374.0,1.91,-1.47,-1.18,1.74
20221219,78.72,77.91,80.16,77.73,427703,35389684.0,3.08,-1.35,-1.07,1.21
20221220,77.87,80.28,80.67,77.15,439977,37150277.0,4.52,3.04,2.37,1.25
20221221,79.48,80.01,81.67,78.785,466003,39497230.0,3.59,-0.34,-0.27,1.32
20221222,79.02,77.96,79.41,77.06,360485,29744662.0,2.94,-2.56,-2.05,1.02
20221223,77.85,79.44,79.5,77.15,250121,20896047.0,3.01,1.9,1.48,0.71
20221227,79.71,79.71,80.52,77.812,371049,31287313.0,3.41,0.34,0.27,1.07
20221228,79.5,77.49,80.355,77.39,341119,28133300.0,3.72,-2.79,-2.22,0.98
20221229,78.02,78.69,80.22,77.76,316401,26454595.0,3.17,1.55,1.2,0.91
20221230,77.61,77.79,78.7,77.08,312862,25778841.0,2.06,-1.14,-0.9,0.9
20230103,79.12,74.59,79.99,72.54,732306,58323368.0,9.58,-4.11,-3.2,2.11
20230104,75.33,77.53,78.11,75.2,459971,37600917.0,3.9,3.94,2.94,1.32
20230105,77.11,76.53,77.49,75.125,343526,27727769.0,3.05,-1.29,-1.0,0.99
20230106,76.59,78.89,79.17,75.49,479241,39751477.0,4.81,3.08,2.36,1.38
20230109,79.18,77.04,79.68,75.99,539874,44244134.0,4.68,-2.35,-1.85,1.55
20230110,76.92,77.99,78.29,74.935,660231,54072230.0,4.35,1.23,0.95,1.9
20230111,78.13,79.29,79.55,77.8,569434,47527580.0,2.24,1.67,1.3,1.64
20230112,79.75,78.48,80.23,78.38,513899,42968979.0,2.33,-1.02,-0.81,1.48
20230113,80.26,77.67,81.47,76.28,679330,55656165.0,6.61,-1.03,-0.81,1.96
20230117,77.42,79.19,79.85,76.86,666237,55543783.0,3.85,1.96,1.52,1.92
20230118,79.59,79.78,80.19,78.66,477419,40189308.0,1.93,0.75,0.59,1.37
20230119,79.57,78.32,79.88,77.27,623357,51732215.0,3.27,-1.83,-1.46,1.79
20230120,79.1,75.87,79.5,75.76,582215,47237364.0,4.78,-3.13,-2.45,1.68
20230123,75.83,78.79,78.88,73.68,824116,67050580.0,6.85,3.85,2.92,2.37
20230124,79.09,78.55,79.18,77.21,437203,36318453.0,2.5,-0.3,-0.24,1.26
20230125,79.28,81.58,82.43,78.121,579146,49568939.0,5.49,3.86,3.03,1.67
20230126,82.04,82.76,83.41,81.74,388487,33901254.0,2.05,1.45,1.18,1.12
20230127,82.54,85.26,85.76,82.24,462420,41383824.0,4.25,3.02,2.5,1.33
20230130,84.56,86.15,87.79,84.3,953463,86658878.0,4.09,1.04,0.89,2.74
20230131,85.85,85.17,86.38,84.69,450124,40451604.0,1.96,-1.14,-0.98,1.3
20230201,85.39,89.03,91.405,84.85,907988,84924431.0,7.7,4.53,3.86,2.61
20230202,89.95,91.27,92.26,89.78,625562,59827851.0,2.79,2.52,2.24,1.8
20230203,89.94,89.08,90.39,88.225,414943,38693909.0,2.37,-2.4,-2.19,1.19
20230206,89.18,86.69,89.7,86.0,607056,55251166.0,4.15,-2.68,-2.39,1.75
20230207,86.59,88.87,89.1,86.2,452444,41594421.0,3.35,2.51,2.18,1.3
20230208,88.23,87.45,88.94,87.43,357038,32875672.0,1.7,-1.6,-1.42,1.03
20230209,88.19,87.22,88.444,86.84,387886,35469673.0,1.83,-0.26,-0.23,1.12
20230210,85.74,84.72,86.12,83.61,556519,49305880.0,2.88,-2.87,-2.5,1.6
20230213,85.19,89.04,89.85,84.8,482068,44687854.0,5.96,5.1,4.32,1.39
20230214,88.48,87.29,89.11,86.72,442189,40616008.0,2.68,-1.97,-1.75,1.27
20230215,86.73,91.72,91.82,86.6,575843,54734811.0,5.98,5.08,4.43,1.66
20230216,90.5,92.21,93.68,89.59,640760,61937220.0,4.46,0.53,0.49,1.85
20230217,92.27,90.79,92.735,89.75,632614,59918691.0,3.24,-1.54,-1.42,1.82
20230221,89.19,86.86,89.29,85.13,839278,76303606.0,4.58,-4.33,-3.93,2.42
20230222,86.97,88.24,89.42,85.34,868787,79748201.0,4.7,1.59,1.38,2.51
20230223,83.4,82.6,84.36,79.7,1754001,150727808.0,5.28,-6.39,-5.64,5.06
20230224,81.75,81.53,84.94,80.9,1135221,98132185.0,4.89,-1.3,-1.07,3.28
20230227,82.65,79.59,82.65,78.73,650510,54614767.0,4.81,-2.38,-1.94,1.88
20230228,79.88,79.85,80.73,79.52,614880,51685173.0,1.52,0.33,0.26,1.77
20230301,79.92,81.86,81.99,79.04,567013,48349533.0,3.69,2.52,2.01,1.64
20230302,81.02,81.16,82.26,80.28,710444,60502104.0,2.42,-0.86,-0.7,2.05
20230303,81.18,80.64,81.51,80.06,511225,43323538.0,1.79,-0.64,-0.52,1.47
20230306,81.38,82.44,83.435,80.63,584166,50383607.0,3.48,2.23,1.8,1.69
20230307,82.58,80.98,83.62,80.73,540182,46169035.0,3.51,-1.77,-1.46,1.56
20230308,80.9,78.77,80.9,78.52,507174,42212422.0,2.94,-2.73,-2.21,1.46
20230309,78.62,76.7,79.38,75.995,583359,47440704.0,4.3,-2.63,-2.07,1.68
20230310,76.63,73.55,76.847,72.85,486175,37927230.0,5.21,-4.11,-3.15,1.4
20230313,72.64,73.82,75.775,72.03,517634,40597290.0,5.09,0.37,0.27,1.49
20230314,75.76,73.91,76.105,73.08,490006,38375597.0,4.1,0.12,0.09,1.41
20230315,72.82,76.25,76.97,72.795,659648,52561166.0,5.65,3.17,2.34,1.9
20230316,75.4,76.14,77.88,74.78,488359,39189636.0,4.07,-0.14,-0.11,1.41
20230317,76.18,75.91,76.66,75.18,547888,43890697.0,1.94,-0.3,-0.23,1.58
20230320,76.59,78.25,78.635,75.481,403112,33054642.0,4.15,3.08,2.34,1.16
20230321,79.36,78.52,79.59,78.06,350374,29005943.0,1.96,0.35,0.27,1.01
20230322,75.62,74.98,78.17,73.49,930754,74269993.0,5.96,-4.51,-3.54,2.69
20230323,75.47,73.27,75.87,71.48,1164598,90065674.0,5.85,-2.28,-1.71,3.36
20230324,72.89,72.15,72.93,71.02,547094,41729484.0,2.61,-1.53,-1.12,1.58
20230327,72.27,71.99,72.92,71.2,712032,54258091.0,2.38,-0.22,-0.16,2.2
20230328,71.88,72.05,72.44,71.09,572288,43426295.0,1.88,0.08,0.06,1.77
20230329,72.76,70.97,73.14,70.84,582318,43999085.0,3.19,-1.5,-1.08,1.8
20230330,71.68,70.62,72.04,70.43,516243,38785408.0,2.27,-0.49,-0.35,1.6
20230331,70.76,70.83,71.91,69.79,867556,64857011.0,3.0,0.3,0.21,2.68
20230403,71.08,71.12,71.94,70.39,808169,60747698.0,2.19,0.41,0.29,2.5
20230404,71.59,70.96,71.92,69.29,656133,48990892.0,3.7,-0.22,-0.16,2.03
20230405,70.63,71.73,71.96,70.06,512979,38732888.0,2.68,1.09,0.77,1.59
20230406,71.65,72.38,72.76,71.055,537451,41066669.0,2.38,0.91,0.65,1.66
20230410,72.0,71.18,72.64,70.78,543261,40967325.0,2.57,-1.66,-1.2,1.68
20230411,71.32,72.6,73.12,70.93,568174,43446456.0,3.08,1.99,1.42,1.76
20230412,73.33,72.24,73.55,72.18,567742,43635514.0,1.89,-0.5,-0.36,1.75
20230413,72.74,72.84,73.36,72.41,411715,31724089.0,1.32,0.83,0.6,1.27
20230414,72.62,72.96,74.15,72.51,341405,26314380.0,2.25,0.16,0.12,1.06
20230417,73.19,73.52,73.655,72.31,458424,35408137.0,1.84,0.77,0.56,1.42
20230418,74.02,73.29,74.1,72.99,429340,33252314.0,1.51,-0.31,-0.23,1.33
20230419,72.69,72.66,72.88,70.88,486717,37148798.0,2.73,-0.86,-0.63,1.5
20230420,72.05,70.67,72.83,70.63,740027,56057488.0,3.03,-2.74,-1.99,2.29
20230421,70.75,71.09,71.28,69.315,722043,53856616.0,2.78,0.59,0.42,2.23
20230424,71.09,70.3,71.34,69.42,627945,46613780.0,2.7,-1.11,-0.79,1.94
20230425,69.91,68.81,70.77,68.72,452057,33143335.0,2.92,-2.12,-1.49,1.4
20230426,69.04,68.52,70.16,68.37,524544,38355336.0,2.6,-0.42,-0.29,1.62
20230427,70.11,69.77,70.36,68.52,548455,40395042.0,2.69,1.82,1.25,1.68
20230428,69.5,70.69,70.865,69.3,504103,37548910.0,2.24,1.32,0.92,1.54
20230501,70.73,70.71,71.72,70.255,595771,44629037.0,2.07,0.03,0.02,1.82
20230502,70.41,70.28,70.61,69.08,559670,41483429.0,2.16,-0.61,-0.43,1.71
20230503,70.24,71.18,71.915,69.76,925717,69589064.0,3.07,1.28,0.9,2.83
20230504,72.81,72.43,76.03,71.13,1352319,104439516.0,6.88,1.76,1.25,4.14
20230505,73.12,73.5,73.85,71.445,734893,56761009.0,3.32,1.48,1.07,2.25
20230508,73.39,73.85,74.445,72.65,898657,70008167.0,2.44,0.48,0.35,2.75
20230509,73.43,73.69,75.09,72.77,555510,43441417.0,3.14,-0.22,-0.16,1.7
20230510,74.37,74.24,75.37,73.54,584389,45898442.0,2.48,0.75,0.55,1.79
20230511,73.91,73.93,74.48,72.8,547383,42536518.0,2.26,-0.42,-0.31,1.68
20230512,73.95,72.99,74.02,72.43,417463,32028853.0,2.15,-1.27,-0.94,1.28
20230515,73.11,72.91,73.86,72.07,513751,39388084.0,2.45,-0.11,-0.08,1.57
20230516,72.77,68.39,74.74,68.357,1166268,85476373.0,8.75,-6.2,-4.52,3.57
20230517,68.62,68.69,69.64,67.71,743772,53785347.0,2.82,0.44,0.3,2.28
20230518,68.39,69.7,70.41,68.05,603576,44095301.0,3.44,1.47,1.01,1.85
20230519,70.08,69.74,70.08,68.43,601535,43884420.0,2.37,0.06,0.04,1.84
20230522,69.96,70.84,71.59,69.64,653831,48705472.0,2.8,1.58,1.1,2.0
20230523,70.82,70.72,71.32,69.93,512744,38095577.0,1.96,-0.17,-0.12,1.57
20230524,70.86,70.73,70.93,69.015,591159,43700106.0,2.71,0.01,0.01,1.81
20230525,70.59,68.95,70.93,68.77,484338,35417551.0,3.05,-2.52,-1.78,1.48
20230526,68.83,67.29,69.51,66.93,628816,44902723.0,3.74,-2.41,-1.66,1.93
20230530,67.4,68.12,69.25,67.02,725965,52214909.0,3.31,1.23,0.83,2.22
20230531,68.18,66.43,68.26,64.34,831380,57941585.0,5.75,-2.48,-1.69,2.55
20230601,66.72,65.04,66.8,64.24,1285072,88809045.0,3.85,-2.09,-1.39,3.94
20230602,65.52,68.135,68.365,65.35,952805,67794049.0,4.64,4.76,3.095,2.92
20230605,67.5,66.64,68.33,66.59,709381,50263572.0,2.55,-2.19,-1.495,2.17
20230606,66.63,67.6,68.61,65.76,502807,35868485.0,4.28,1.44,0.96,1.54
20230607,67.65,67.32,68.48,66.33,505940,35913437.0,3.18,-0.41,-0.28,1.55
20230608,67.2,68.92,69.45,66.9,626562,45379840.0,3.79,2.38,1.6,1.92
20230609,68.86,66.94,69.09,66.75,550514,39091212.0,3.4,-2.87,-1.98,1.69
20230612,67.5,68.94,68.98,67.085,535022,38598439.0,2.83,2.99,2.0,1.64
20230613,68.85,70.17,70.505,68.345,639553,47014991.0,3.13,1.78,1.23,1.96
20230614,70.15,69.88,70.69,68.815,650452,47799746.0,2.67,-0.41,-0.29,1.99
20230615,69.99,71.56,72.02,69.99,666618,50076701.0,2.9,2.4,1.68,2.04
20230616,72.42,70.79,72.74,70.0,1147170,85641988.0,3.83,-1.08,-0.77,3.51
20230620,70.45,69.1,70.79,69.09,396825,29011143.0,2.4,-2.39,-1.69,1.22
20230621,68.96,68.95,69.97,68.33,372581,27150449.0,2.37,-0.22,-0.15,1.14
20230622,68.72,69.6,70.03,67.67,513823,37561144.0,3.42,0.94,0.65,1.57
20230623,68.96,67.19,69.4,67.13,949184,67690108.0,3.26,-3.46,-2.41,2.91
20230626,66.72,68.2,68.61,66.72,469666,33752346.0,2.81,1.5,1.01,1.45
20230627,68.7,68.44,69.05,67.94,361316,26075611.0,1.63,0.35,0.24,1.12
20230628,68.6,69.35,69.38,67.93,482198,35047928.0,2.12,1.33,0.91,1.49
20230629,69.15,69.53,70.14,69.15,341880,25021041.0,1.43,0.26,0.18,1.06
20230630,70.16,70.15,70.84,69.525,352161,26042340.0,1.89,0.89,0.62,1.09
20230703,70.1,71.93,72.17,70.1,307047,23215823.0,2.95,2.54,1.78,0.95
20230705,71.71,70.1,71.93,69.96,619734,46010033.0,2.74,-2.54,-1.83,1.91
20230706,69.37,69.94,69.95,67.76,454862,33191891.0,3.12,-0.23,-0.16,1.4
20230707,70.35,72.31,73.21,70.35,695295,52847176.0,4.09,3.39,2.37,2.15
20230710,72.08,74.01,74.59,72.08,405694,31522207.0,3.47,2.35,1.7,1.25
20230711,74.12,73.44,74.885,73.058,429501,33204742.0,2.47,-0.77,-0.57,1.33
20230712,74.6,73.43,74.6,69.97,1394980,106378542.0,6.3,-0.01,-0.01,4.31
20230713,73.7,71.87,74.28,71.87,629936,48134412.0,3.28,-2.12,-1.56,1.94
20230714,71.71,72.31,73.23,71.11,398678,30319998.0,2.95,0.61,0.44,1.23
20230717,72.23,72.32,72.97,71.63,327126,24850462.0,1.85,0.01,0.01,1.01
20230718,72.15,71.45,73.07,71.06,462420,34906577.0,2.78,-1.2,-0.87,1.43
20230719,71.92,73.38,73.43,71.92,451489,34633562.0,2.11,2.7,1.93,1.39
20230720,74.01,76.15,77.4,73.968,847627,67633901.0,4.68,3.77,2.77,2.62
20230721,76.83,76.88,77.12,75.85,755595,60782439.0,1.67,0.96,0.73,2.33
20230724,77.88,78.63,79.28,77.32,789520,64851268.0,2.55,2.28,1.75,2.44
20230725,78.36,79.31,79.86,78.36,556217,46061719.0,1.91,0.86,0.68,1.72
20230726,79.75,81.73,81.91,79.55,740022,62795133.0,2.98,3.05,2.42,2.28
20230727,81.74,80.79,82.695,80.7,514396,43881395.0,2.44,-1.15,-0.94,1.59
20230728,80.79,79.65,81.16,79.62,479311,40136257.0,1.91,-1.41,-1.14,1.46
20230731,79.74,79.02,80.55,78.97,631924,52603554.0,1.98,-0.79,-0.63,1.93
20230801,78.48,77.63,78.66,77.39,652228,53233715.0,1.61,-1.76,-1.39,1.99
20230802,76.68,77.95,78.91,76.455,662681,54137620.0,3.16,0.41,0.32,2.02
20230803,75.32,78.63,79.05,72.97,1649756,133045057.0,7.8,0.87,0.68,5.04
20230804,79.13,77.44,79.13,76.87,1145609,93186406.0,2.87,-1.51,-1.19,3.5
20230807,77.82,80.09,81.0,77.35,945515,79154069.0,4.71,3.42,2.65,2.89
20230808,79.71,78.08,79.71,76.36,702814,57140835.0,4.18,-2.51,-2.01,2.15
20230809,78.57,77.69,78.7,77.23,359453,29279281.0,1.88,-0.5,-0.39,1.1
20230810,78.07,78.74,79.83,78.03,690740,57109600.0,2.32,1.35,1.05,2.11
20230811,78.6,78.88,79.61,78.125,484130,39731653.0,1.89,0.18,0.14,1.48
20230814,78.82,78.48,79.85,77.81,707123,57912355.0,2.59,-0.51,-0.4,2.16
20230815,77.95,76.07,78.69,75.9,535124,42657347.0,3.56,-3.07,-2.41,1.63
20230816,75.64,76.28,77.13,75.64,529877,42221935.0,1.96,0.28,0.21,1.62
20230817,76.53,73.8,76.96,73.74,586627,45674417.0,4.22,-3.25,-2.48,1.79
20230818,73.32,73.01,74.4,72.71,613120,46919842.0,2.29,-1.07,-0.79,1.87
20230821,73.01,72.42,73.61,72.16,708843,53889052.0,1.99,-0.81,-0.59,2.17
20230822,72.29,72.47,73.0,71.31,578336,43600538.0,2.33,0.07,0.05,1.77
20230823,72.79,72.44,73.285,72.35,436028,33083308.0,1.29,-0.04,-0.03,1.33
20230824,72.11,73.87,74.45,71.86,701327,54012683.0,3.58,1.97,1.43,2.14
20230825,74.21,73.06,74.635,71.48,877392,66883502.0,4.27,-1.1,-0.81,2.68
20230828,73.32,73.2,74.67,72.55,578488,44281710.0,2.9,0.19,0.14,1.77
20230829,73.18,73.06,73.71,72.24,416894,31776347.0,2.01,-0.19,-0.14,1.27
20230830,73.03,74.19,74.41,72.81,417889,32293133.0,2.19,1.55,1.13,1.28
20230831,74.19,72.48,74.75,72.32,914988,69556599.0,3.28,-2.3,-1.71,2.79
20230901,74.88,73.93,75.66,73.58,822003,63610844.0,2.87,2.0,1.45,2.51
20230905,74.11,73.36,76.185,73.32,929829,72138996.0,3.88,-0.77,-0.57,2.84
20230906,73.02,71.7,73.39,71.55,443936,33409743.0,2.51,-2.26,-1.66,1.36
20230907,71.69,74.04,74.06,71.06,627964,48075761.0,4.18,3.26,2.34,1.92
20230908,74.13,73.37,74.55,72.595,803780,61471675.0,2.64,-0.9,-0.67,2.46
20230911,73.88,73.76,74.43,73.34,1130229,87146610.0,1.49,0.53,0.39,3.45
20230912,73.45,73.51,73.6,71.78,885202,67526095.0,2.47,-0.34,-0.25,2.7
20230913,73.8,74.27,75.0,73.56,1171018,90564459.0,1.96,1.03,0.76,3.58
20230914,74.46,74.88,75.43,73.88,1291383,100771774.0,2.09,0.82,0.61,3.94
20230915,75.08,73.65,75.52,73.14,6890190,530852880.0,3.18,-1.64,-1.23,21.05
20230918,73.29,72.4,73.3,71.22,909942,68713591.0,2.82,-1.7,-1.25,2.78
20230919,72.25,71.12,72.94,71.08,636714,47622369.0,2.57,-1.77,-1.28,1.94
20230920,71.66,71.47,72.39,71.32,692137,51864929.0,1.5,0.49,0.35,2.11
20230921,71.21,69.28,71.36,68.98,779368,56922447.0,3.33,-3.06,-2.19,2.38
20230922,69.35,68.46,69.868,68.42,825083,59572967.0,2.09,-1.18,-0.82,2.52
20230925,67.95,66.07,67.95,65.79,966683,67503337.0,3.16,-3.49,-2.39,2.98
20230926,65.6,64.27,66.13,64.181,786946,53461720.0,2.95,-2.72,-1.8,2.42
20230927,64.36,65.06,65.45,64.36,705063,48105686.0,1.7,1.23,0.79,2.17
20230928,64.93,65.22,65.62,64.31,781128,53344720.0,2.01,0.25,0.16,2.41
20230929,66.11,65.0,66.11,64.49,719799,49125954.0,2.48,-0.34,-0.22,2.22
20231002,65.14,65.29,66.05,64.36,784674,53773952.0,2.6,0.45,0.29,2.42
20231003,64.99,62.04,64.99,61.66,976233,63887818.0,5.1,-4.98,-3.25,3.01
20231004,62.38,61.85,62.78,60.925,906138,58713559.0,2.99,-0.31,-0.19,2.79
20231005,61.43,61.22,62.26,60.38,590691,38189567.0,3.04,-1.02,-0.63,1.82
20231006,60.47,61.02,61.475,58.565,1099859,70369765.0,4.75,-0.33,-0.2,3.39
20231009,60.5,59.81,61.31,59.405,704950,44532046.0,3.12,-1.98,-1.21,2.17
20231010,60.13,62.32,62.44,59.8,709568,46303440.0,4.41,4.2,2.51,2.19
20231011,62.79,61.91,63.07,61.11,514748,33511067.0,3.15,-0.66,-0.41,1.59
20231012,61.76,62.01,62.62,60.58,825465,53654543.0,3.3,0.16,0.1,2.54
20231013,62.04,62.33,63.5,61.9,741121,48820053.0,2.58,0.52,0.32,2.28
20231016,62.99,63.22,63.48,62.04,623155,41262193.0,2.31,1.43,0.89,1.92
20231017,63.0,64.09,64.83,63.0,471149,31736745.0,2.89,1.38,0.87,1.45
20231018,63.74,63.8,64.59,62.69,484519,32598579.0,2.96,-0.45,-0.29,1.49
20231019,63.81,63.15,64.64,63.0,621722,41495969.0,2.57,-1.02,-0.65,1.91
20231020,62.87,61.86,63.01,61.77,537684,35183941.0,1.96,-2.04,-1.29,1.66
20231023,61.38,61.04,62.3,60.768,704682,45528671.0,2.48,-1.33,-0.82,2.17
20231024,61.82,61.46,62.1,60.75,572587,37013384.0,2.21,0.69,0.42,1.76
20231025,60.97,61.1,61.2,59.942,718589,46015775.0,2.05,-0.59,-0.36,2.21
20231026,60.68,59.94,61.18,59.45,683214,43241846.0,2.83,-1.9,-1.16,2.1
20231027,60.42,61.98,62.65,59.79,964714,62947145.0,4.77,3.4,2.04,2.95
20231030,61.98,61.75,62.69,60.96,937197,60979813.0,2.79,-0.37,-0.23,2.86
20231031,61.99,61.8,62.94,61.19,837230,54612894.0,2.83,0.08,0.05,2.56
20231101,61.99,62.05,62.17,59.74,1117768,72289830.0,3.93,0.4,0.25,3.41
20231102,64.64,59.74,64.64,57.44,1683770,105057967.0,11.6,-3.72,-2.31,5.14
20231103,59.99,64.78,64.905,59.54,1334626,89195123.0,8.98,8.44,5.04,4.07
20231106,65.14,64.93,65.36,63.63,840593,57039590.0,2.67,0.23,0.15,2.57
20231107,65.22,64.41,65.853,64.085,650428,44169052.0,2.72,-0.8,-0.52,1.99
20231108,64.6,63.4,64.73,62.17,506601,33642715.0,3.97,-1.57,-1.01,1.55
20231109,63.62,61.52,63.63,60.73,653553,42508097.0,4.57,-2.97,-1.88,2.0
20231110,61.72,61.69,61.86,60.67,736719,47284212.0,1.93,0.28,0.17,2.25
20231113,61.69,61.2,61.88,60.63,403140,25853994.0,2.03,-0.79,-0.49,1.23
20231114,62.03,63.85,64.02,62.02,1079408,71387045.0,3.27,4.33,2.65,3.3
20231115,64.17,66.22,66.75,64.17,609403,41965445.0,4.04,3.71,2.37,1.86
20231116,65.75,64.45,66.3,63.907,498304,33589560.0,3.61,-2.67,-1.77,1.52
20231117,64.77,63.56,65.32,63.52,484209,32305776.0,2.79,-1.38,-0.89,1.48
20231120,63.44,64.43,64.48,63.14,363788,24316409.0,2.11,1.37,0.87,1.11
20231121,64.33,63.16,64.33,63.14,344475,22804613.0,1.85,-1.97,-1.27,1.05
20231122,63.38,64.15,64.85,63.38,321398,21505557.0,2.33,1.57,0.99,0.98
20231124,63.91,64.68,64.825,63.62,246518,16575857.0,1.88,0.83,0.53,0.75
20231127,64.53,64.0,65.5,63.68,624653,41885439.0,2.81,-1.05,-0.68,1.91
20231128,63.9,63.32,64.059,62.84,411188,27235308.0,1.9,-1.06,-0.68,1.26
20231129,63.74,62.76,64.92,62.58,406627,26759945.0,3.7,-0.88,-0.56,1.24
20231130,62.61,62.48,62.76,61.56,477922,31039474.0,1.91,-0.45,-0.28,1.46
20231201,62.36,64.9,65.03,61.31,495984,33110967.0,5.95,3.87,2.42,1.51
20231204,64.92,66.96,68.73,64.92,1041762,73008881.0,5.87,3.17,2.06,3.18
20231205,66.45,66.34,67.2,65.625,625584,43089189.0,2.35,-0.93,-0.62,1.91
20231206,66.87,67.31,67.6,65.94,725038,50732229.0,2.5,1.46,0.97,2.21
20231207,67.35,68.28,68.45,66.97,453953,32078740.0,2.2,1.44,0.97,1.39
20231208,68.09,67.38,68.49,67.225,455213,32029011.0,1.85,-1.32,-0.9,1.39
20231211,67.71,68.25,68.8,67.38,562350,39906348.0,2.11,1.29,0.87,1.72
20231212,68.45,68.88,68.92,67.445,424437,30211138.0,2.16,0.92,0.63,1.3
20231213,68.63,70.94,71.52,67.59,735758,53457485.0,5.71,2.99,2.06,2.25
20231214,71.95,72.74,73.25,71.35,649415,48990618.0,2.68,2.54,1.8,1.98
20231215,72.84,70.98,73.09,70.36,873093,64634077.0,3.75,-2.42,-1.76,2.67
20231218,71.03,70.0,71.03,69.54,505916,36845421.0,2.1,-1.38,-0.98,1.54
20231219,70.99,70.45,71.54,70.06,421301,30908960.0,2.11,0.64,0.45,1.29
20231220,70.28,69.79,71.36,69.46,360716,26319344.0,2.7,-0.94,-0.66,1.1
20231221,70.57,70.68,71.35,69.65,366592,26848200.0,2.44,1.28,0.89,1.12
20231222,70.76,72.63,72.9,69.99,423153,31755421.0,4.12,2.76,1.95,1.29
20231226,72.6,73.94,74.36,72.201,420607,32194000.0,2.97,1.8,1.31,1.28
20231227,74.23,75.15,75.595,73.29,485811,37804095.0,3.12,1.64,1.21,1.48
20231228,74.49,74.02,74.84,73.955,371523,28633945.0,1.18,-1.5,-1.13,1.13
20231229,73.91,73.47,74.78,72.85,337662,25763030.0,2.61,-0.74,-0.55,1.03
20240102,73.32,73.1,73.78,72.2,687716,52078173.0,2.15,-0.5,-0.37,2.12
20240103,72.94,70.81,72.94,70.63,657112,48548569.0,3.16,-3.13,-2.29,2.02
20240104,69.91,69.56,70.905,66.73,1100418,79234812.0,5.9,-1.77,-1.25,3.39
20240105,68.42,66.655,68.9,66.35,1034437,72371921.0,3.67,-4.18,-2.905,3.18
20240108,66.74,67.94,69.35,66.36,1210107,85740027.0,4.49,1.93,1.285,3.72
20240109,67.07,70.33,71.37,66.76,1493599,108845054.0,6.79,3.52,2.39,4.6
20240110,70.03,69.0,70.54,68.02,669401,48056382.0,3.58,-1.89,-1.33,2.06
20240111,69.14,69.45,69.85,67.77,621404,44613158.0,3.01,0.65,0.45,1.91
20240112,70.24,69.13,70.24,68.115,576154,41307330.0,3.06,-0.46,-0.32,1.77
20240116,69.1,70.25,71.4,68.47,731415,53382467.0,4.24,1.62,1.12,2.25
20240117,68.91,71.89,71.93,68.86,785777,58109770.0,4.37,2.33,1.64,2.42
20240118,72.24,72.54,73.235,71.64,698809,52485273.0,2.22,0.9,0.65,2.15
20240119,72.89,72.21,73.09,71.44,465125,34907550.0,2.27,-0.45,-0.33,1.43
20240122,72.24,74.17,74.87,72.24,665115,51066666.0,3.64,2.71,1.96,2.05
20240123,74.98,75.04,75.66,73.72,510032,39558849.0,2.62,1.17,0.87,1.57
20240124,75.91,74.21,75.91,73.4,431189,33132953.0,3.34,-1.11,-0.83,1.33
20240125,74.93,74.99,75.53,73.97,481253,37220232.0,2.1,1.05,0.78,1.48
20240126,75.43,73.68,75.53,73.65,511401,39361361.0,2.51,-1.75,-1.31,1.57
20240129,72.54,73.95,74.04,71.45,919397,69367740.0,3.52,0.37,0.27,2.83
20240130,73.12,73.16,73.74,72.09,412432,31202159.0,2.23,-1.07,-0.79,1.27
20240131,73.11,70.72,73.16,70.51,651222,48324006.0,3.62,-3.34,-2.44,2.0
20240201,71.37,72.94,73.24,70.38,443192,33239768.0,4.04,3.14,2.22,1.36
20240202,71.91,71.3,71.94,69.85,816013,60209097.0,2.87,-2.25,-1.64,2.51
20240205,70.44,69.25,70.74,68.015,845571,61142784.0,3.82,-2.88,-2.05,2.6
20240206,68.67,71.35,71.81,68.08,714237,52516462.0,5.39,3.03,2.1,2.2
20240207,71.47,70.93,71.8,70.43,394885,29179208.0,1.92,-0.59,-0.42,1.22
20240208,71.14,70.9,72.595,70.63,667023,49408707.0,2.77,-0.04,-0.03,2.05
20240209,71.13,70.19,71.915,70.07,595510,43486812.0,2.6,-1.0,-0.71,1.83
20240212,70.42,71.47,72.5,70.33,559109,41337151.0,3.09,1.82,1.28,1.72
20240213,69.69,69.3,70.74,68.48,723638,51812245.0,3.16,-3.04,-2.17,2.23
20240214,70.24,69.76,70.24,68.48,609430,43682316.0,2.54,0.66,0.46,1.88
20240215,70.26,70.88,71.92,70.245,649233,47637079.0,2.4,1.61,1.12,2.0
20240216,70.4,70.73,71.63,69.59,551713,40392372.0,2.88,-0.21,-0.15,1.7
20240220,70.23,69.05,70.91,68.54,688892,49304300.0,3.35,-2.38,-1.68,2.12
20240221,68.7,69.23,69.41,68.303,556316,39673885.0,1.6,0.26,0.18,1.71
20240222,69.13,69.31,70.69,69.03,438500,31603001.0,2.4,0.12,0.08,1.34
20240223,69.29,69.51,70.41,69.16,592211,42680502.0,1.8,0.29,0.2,1.81
20240226,70.79,69.21,71.0,69.17,881134,63589598.0,2.63,-0.43,-0.3,2.69
20240227,70.01,70.33,70.665,69.11,753864,54579207.0,2.25,1.62,1.12,2.3
20240228,68.77,67.85,70.14,67.552,1334868,94645636.0,3.68,-3.53,-2.48,4.07
20240229,71.7,69.59,74.61,69.145,2423516,178388439.0,8.05,2.56,1.74,7.4
20240301,69.65,67.64,70.48,65.885,1611708,112912812.0,6.6,-2.8,-1.95,4.92
20240304,67.92,69.05,69.66,67.616,737370,52646364.0,3.02,2.08,1.41,2.25
20240305,68.63,68.41,69.1,67.95,536968,37957313.0,1.67,-0.93,-0.64,1.64
20240306,68.5,68.91,69.7,67.46,578562,41120235.0,3.27,0.73,0.5,1.77
20240307,68.95,67.68,69.18,67.43,541771,37989580.0,2.54,-1.78,-1.23,1.65
20240308,68.09,67.82,68.81,67.5,415063,29145922.0,1.94,0.21,0.14,1.27
20240311,67.69,68.54,68.85,67.48,414167,29322943.0,2.02,1.06,0.72,1.26
20240312,68.27,70.19,70.465,68.17,431564,31166740.0,3.35,2.41,1.65,1.31
20240313,70.13,68.59,70.58,68.32,579870,41416228.0,3.22,-2.28,-1.6,1.76
20240314,68.29,66.75,68.88,66.55,494943,34328139.0,3.4,-2.68,-1.84,1.5
20240315,66.38,67.31,67.405,66.36,775951,53860349.0,1.57,0.84,0.56,2.36
20240318,67.11,69.45,69.78,66.57,663548,47407769.0,4.77,3.18,2.14,2.01
20240319,69.15,69.59,69.64,67.62,506682,36172129.0,2.91,0.2,0.14,1.54
20240320,69.29,69.45,69.93,68.61,426142,30497064.0,1.9,-0.2,-0.14,1.29
20240321,68.49,65.95,69.41,64.15,1733598,117861788.0,7.57,-5.04,-3.5,5.26
20240322,65.15,63.44,65.46,63.03,2039507,134532090.0,3.68,-3.81,-2.51,6.19
20240325,63.86,64.02,65.05,63.42,861583,57209287.0,2.57,0.91,0.58,2.62
20240326,64.68,63.11,64.68,62.75,952666,62589277.0,3.01,-1.42,-0.91,2.89
20240327,63.43,63.96,64.0,62.76,1338139,87780060.0,1.96,1.35,0.85,4.06
20240328,64.34,64.3,65.135,63.91,1060152,70569022.0,1.92,0.53,0.34,3.22
20240401,64.76,65.69,66.36,64.42,1133997,77033556.0,3.02,2.16,1.39,3.48
20240402,65.07,64.89,66.055,63.42,1244781,83574882.0,4.01,-1.22,-0.8,3.82
20240403,64.17,63.15,64.51,62.76,1225533,80434595.0,2.7,-2.68,-1.74,3.76
20240404,63.9,62.08,64.12,61.89,857104,55772754.0,3.53,-1.69,-1.07,2.63
20240405,61.83,61.44,62.15,60.69,881089,56201456.0,2.35,-1.03,-0.64,2.7
20240408,61.57,61.68,61.84,60.81,828568,52858138.0,1.68,0.39,0.24,2.54
20240409,61.29,61.99,62.25,61.29,784197,50416025.0,1.56,0.5,0.31,2.41
20240410,61.38,60.92,61.5,59.94,928296,58706282.0,2.52,-1.73,-1.07,2.85
20240411,60.93,60.56,61.44,59.94,696638,43807611.0,2.46,-0.59,-0.36,2.14
20240412,60.58,59.48,60.63,59.21,906299,56090780.0,2.34,-1.78,-1.08,2.78
20240415,59.32,59.6,60.13,58.935,706749,43763936.0,2.01,0.2,0.12,2.17
20240416,59.32,59.44,59.89,58.75,571440,35323017.0,1.91,-0.27,-0.16,1.75
20240417,60.08,58.65,60.18,58.64,598477,36632922.0,2.59,-1.33,-0.79,1.84
20240418,58.46,59.05,59.06,57.94,827284,50478827.0,1.91,0.68,0.4,2.54
20240419,58.81,60.2,60.33,58.487,906639,56388362.0,3.12,1.95,1.15,2.78
20240422,61.27,60.92,61.62,60.43,658780,41674415.0,1.98,1.2,0.72,2.02
20240423,61.09,61.96,62.088,60.865,680227,43584549.0,2.01,1.71,1.04,2.09
20240424,61.34,62.11,62.37,61.25,539975,34698020.0,1.81,0.24,0.15,1.66
20240425,61.67,60.61,61.79,60.355,558846,35273673.0,2.31,-2.42,-1.5,1.71
20240426,60.52,60.8,61.85,60.26,551955,34948937.0,2.62,0.31,0.19,1.69
20240429,61.55,60.35,61.76,60.25,499502,31384133.0,2.48,-0.74,-0.45,1.53
20240430,59.64,59.39,60.6,58.851,668664,41423303.0,2.9,-1.59,-0.96,2.05
20240501,59.12,58.65,59.555,57.94,725116,44227829.0,2.72,-1.25,-0.74,2.22
20240502,59.01,57.44,59.15,57.38,829272,49866045.0,3.02,-2.06,-1.21,2.54
20240503,58.43,56.68,59.02,56.65,771410,45793858.0,4.13,-1.32,-0.76,2.34
20240506,56.84,56.01,57.74,55.94,906049,53225028.0,3.18,-1.18,-0.67,2.75
20240507,56.05,55.63,56.62,55.39,1142571,66479701.0,2.2,-0.68,-0.38,3.47
20240508,55.28,54.83,55.977,54.73,1650834,95045179.0,2.24,-1.44,-0.8,5.01
20240509,53.4,50.92,53.4,49.77,3881136,208255200.0,6.62,-7.13,-3.91,11.77
20240510,51.18,51.02,52.44,50.05,1730039,92499996.0,4.69,0.2,0.1,5.25
20240513,51.28,49.97,51.46,49.52,1669315,87422466.0,3.8,-2.06,-1.05,5.06
20240514,50.73,50.25,51.14,49.75,1217936,63981030.0,2.78,0.56,0.28,3.69
20240515,50.99,50.15,51.3,50.06,1202856,63533684.0,2.47,-0.2,-0.1,3.65
20240516,50.2,49.85,51.085,49.7,897938,47057520.0,2.76,-0.6,-0.3,2.72
20240517,50.12,49.26,50.12,48.93,1104466,56544250.0,2.39,-1.18,-0.59,3.35
20240520,49.1,47.61,49.4,47.15,2812911,139178233.0,4.57,-3.35,-1.65,8.53
20240521,47.64,47.24,48.29,47.03,1296835,63977271.0,2.65,-0.78,-0.37,3.93
20240522,47.19,47.15,47.51,46.83,886865,43418961.0,1.44,-0.19,-0.09,2.69
20240523,47.27,45.45,47.29,44.97,2067273,98294079.0,4.92,-3.61,-1.7,6.27
20240524,45.68,45.78,46.14,45.21,1418655,67456676.0,2.05,0.73,0.33,4.3
20240528,45.81,45.34,46.9,45.19,1354092,64500138.0,3.74,-0.96,-0.44,4.11
20240529,44.94,45.85,46.365,44.66,974113,46257199.0,3.76,1.12,0.51,2.95
20240530,46.1,44.71,46.18,44.41,769140,36012632.0,3.86,-2.49,-1.14,2.33
20240531,44.72,44.62,45.04,44.36,934130,43410738.0,1.52,-0.2,-0.09,2.83
20240603,44.38,46.4,46.835,44.38,1414141,67894104.0,5.5,3.99,1.78,4.29
20240604,46.24,46.11,46.51,45.7,852866,40895974.0,1.75,-0.63,-0.29,2.59
20240605,46.17,44.91,46.22,44.67,801581,37638454.0,3.36,-2.6,-1.2,2.43
20240606,44.71,45.33,45.54,44.45,857820,40288454.0,2.43,0.94,0.42,2.6
20240607,45.16,45.16,46.0,44.68,650868,30656222.0,2.91,-0.38,-0.17,1.97
20240610,44.88,45.09,45.27,44.45,1039586,48601508.0,1.82,-0.16,-0.07,3.15
20240611,45.06,45.69,45.89,44.65,1158982,55086414.0,2.75,1.33,0.6,3.52
20240612,46.35,46.36,46.63,45.73,893906,42966494.0,1.97,1.47,0.67,2.71
20240613,46.41,45.97,46.54,44.92,615092,29267927.0,3.49,-0.84,-0.39,1.87
20240614,45.91,44.84,45.99,44.55,610583,28602534.0,3.13,-2.46,-1.13,1.85
20240617,45.0,46.95,47.69,44.69,1314834,63902190.0,6.69,4.71,2.11,3.99
20240618,46.91,46.64,47.29,46.36,802207,39067768.0,1.98,-0.66,-0.31,2.43
20240620,46.59,46.51,47.89,46.25,957587,46596167.0,3.52,-0.28,-0.13,2.9
20240621,46.69,45.37,46.86,45.3,1297834,61560106.0,3.35,-2.45,-1.14,3.94
20240624,45.59,45.97,46.37,45.37,1112441,53060590.0,2.2,1.32,0.6,3.37
20240625,46.07,46.07,46.33,45.46,575041,27559269.0,1.89,0.22,0.1,1.74
20240626,45.53,45.35,45.83,44.909,735192,34741010.0,2.0,-1.56,-0.72,2.23
20240627,45.28,44.76,45.5,44.65,764542,35692262.0,1.87,-1.3,-0.59,2.32
20240628,45.04,45.14,45.33,44.65,2023729,94935171.0,1.52,0.85,0.38,6.14
20240701,45.26,44.13,45.42,43.36,2033115,93534361.0,4.56,-2.24,-1.01,6.23
20240702,44.22,43.4,44.49,42.72,981458,44261791.0,4.01,-1.65,-0.73,3.01
20240703,43.3,42.77,43.3,42.39,665341,29663697.0,2.1,-1.45,-0.63,2.04
20240705,42.77,41.81,42.835,41.735,1372422,60364381.0,2.57,-2.24,-0.96,4.21
20240708,42.02,42.18,43.26,41.945,1189361,52818933.0,3.15,0.88,0.37,3.65
20240709,42.09,40.64,42.11,40.57,1082963,46359588.0,3.65,-3.65,-1.54,3.32
20240710,40.71,40.28,40.82,39.63,949507,39837306.0,2.93,-0.89,-0.36,2.91
20240711,40.9,41.16,42.145,40.69,1329015,57286152.0,3.61,2.18,0.88,4.07
20240712,41.67,41.35,41.99,41.04,1366235,59139133.0,2.31,0.46,0.19,4.19
20240715,41.29,40.16,41.29,39.98,1186419,50051413.0,3.17,-2.88,-1.19,3.64
20240716,40.32,42.68,42.96,39.81,2197307,95736088.0,7.84,6.27,2.52,6.74
20240717,42.92,42.45,43.7,41.76,1479971,65657074.0,4.55,-0.54,-0.23,4.54
20240718,41.15,40.82,41.96,40.59,1408194,60475182.0,3.23,-3.84,-1.63,4.32
20240719,40.77,39.555,40.77,38.72,1675932,68933971.0,5.02,-3.1,-1.265,5.14
20240722,39.83,39.7,39.9,38.82,967424,40048623.0,2.73,0.37,0.145,2.97
20240723,39.44,39.23,39.76,38.84,940904,38676584.0,2.32,-1.18,-0.47,2.88
20240724,38.93,38.42,39.1,38.06,1257845,50720168.0,2.65,-2.06,-0.81,3.86
20240725,38.5,39.12,39.71,38.34,1321554,54319494.0,3.57,1.82,0.7,4.05
20240726,39.76,39.09,39.8,38.66,847196,34674385.0,2.91,-0.08,-0.03,2.6
20240729,39.09,40.11,40.28,38.57,1014627,42215386.0,4.37,2.61,1.02,3.11
20240730,40.0,41.96,42.18,39.99,1422226,61532389.0,5.46,4.61,1.85,4.36
20240731,41.87,42.39,43.15,41.26,1222818,54239699.0,4.5,1.02,0.43,3.75
20240801,42.51,42.18,42.85,41.25,1088251,47672206.0,3.77,-0.5,-0.21,3.34
20240802,41.7,40.63,41.7,40.42,1189603,50700560.0,3.03,-3.67,-1.55,3.65
20240805,39.74,39.67,41.05,39.26,1373902,57363430.0,4.41,-2.36,-0.96,4.21
20240806,40.13,41.24,42.14,39.845,1107908,47904715.0,5.79,3.96,1.57,3.4
20240807,41.28,40.65,41.815,40.32,1836099,78658606.0,3.63,-1.43,-0.59,5.63
20240808,41.14,41.39,43.69,40.835,3341966,146349227.0,7.02,1.82,0.74,10.24
20240809,41.37,43.02,43.47,40.4,1476925,65708847.0,7.42,3.94,1.63,4.53
20240812,43.16,44.16,45.26,43.11,1730517,79951981.0,5.0,2.65,1.14,5.3
20240813,44.51,44.55,44.77,43.36,1140975,52763411.0,3.19,0.88,0.39,3.5
20240814,44.49,43.05,44.53,42.67,896897,40261977.0,4.18,-3.37,-1.5,2.75
20240815,44.18,45.02,45.37,44.04,1071270,50059950.0,3.09,4.58,1.97,3.28
20240816,44.74,44.42,44.97,44.11,916112,42412615.0,1.91,-1.33,-0.6,2.81
20240819,44.68,45.09,45.33,44.36,993631,46015525.0,2.18,1.51,0.67,3.05
20240820,44.72,45.2,45.976,44.72,664504,31072666.0,2.79,0.24,0.11,2.04
20240821,45.31,45.21,45.94,45.11,629575,29440238.0,1.84,0.02,0.01,1.93
20240822,45.38,43.7,45.476,43.61,794869,36120156.0,4.13,-3.34,-1.51,2.44
20240823,44.15,44.55,44.72,43.455,786163,35924931.0,2.89,1.95,0.85,2.41
20240826,44.6,47.22,49.06,44.42,2666095,130304211.0,10.42,5.99,2.67,8.17
20240827,46.75,46.79,47.02,45.73,1039199,49864616.0,2.73,-0.91,-0.43,3.19
20240828,46.96,46.62,47.49,46.43,754417,36378192.0,2.27,-0.36,-0.17,2.31
20240829,46.66,45.71,46.82,45.32,920492,43562721.0,3.22,-1.95,-0.91,2.82
20240830,45.97,45.99,46.39,45.665,745649,35331082.0,1.59,0.61,0.28,2.29
20240903,45.54,46.38,47.7,45.54,1175904,56319784.0,4.7,0.85,0.39,3.6
20240904,46.15,48.29,48.36,45.87,1066029,52687202.0,5.37,4.12,1.91,3.27
20240905,48.43,46.19,48.54,46.025,802314,38596371.0,5.21,-4.35,-2.1,2.46
20240906,46.125,45.55,47.36,45.33,913944,43016262.0,4.39,-1.39,-0.64,2.8
20240909,45.38,46.03,47.53,44.99,854521,40699935.0,5.58,1.05,0.48,2.62
20240910,45.95,46.86,46.89,45.52,592882,28417685.0,2.98,1.8,0.83,1.82
20240911,46.9,47.35,47.47,46.12,625280,30278296.0,2.88,1.05,0.49,1.92
20240912,47.59,47.62,47.915,46.717,633486,30868586.0,2.53,0.57,0.27,1.94
20240913,47.84,48.22,48.95,47.51,914536,45498375.0,3.02,1.26,0.6,2.8
20240916,48.47,49.42,50.03,48.47,835631,42418351.0,3.24,2.49,1.2,2.56
20240917,49.58,51.18,51.76,49.42,1224381,64115894.0,4.73,3.56,1.76,3.75
20240918,51.33,50.87,52.35,50.71,890520,46831206.0,3.2,-0.61,-0.31,2.73
20240919,52.01,50.3,52.01,50.1,894525,46440039.0,3.75,-1.12,-0.57,2.74
20240920,50.12,48.72,50.28,48.67,1323690,66777432.0,3.2,-3.14,-1.58,4.06
20240923,48.83,49.02,49.7,48.45,720119,36271230.0,2.57,0.62,0.3,2.21
20240924,49.09,49.47,50.9,49.09,637972,32676400.0,3.69,0.92,0.45,1.96
20240925,49.36,48.26,49.395,48.19,683492,34129073.0,2.44,-2.45,-1.21,2.09
20240926,48.97,49.745,49.86,48.68,794213,40330833.0,2.45,3.08,1.485,2.43
20240927,50.45,51.56,52.62,50.12,1321771,70128558.0,5.03,3.65,1.815,4.05
20240930,51.65,52.49,53.13,51.65,1048941,56446935.0,2.87,1.8,0.93,3.21
20241001,52.23,51.75,52.53,51.5,812248,43335419.0,1.96,-1.41,-0.74,2.49
20241002,51.49,51.01,51.49,50.17,939797,49166537.0,2.55,-1.43,-0.74,2.88
20241003,50.5,51.17,51.32,49.72,535340,27963198.0,3.14,0.31,0.16,1.64
20241004,51.21,50.44,51.63,50.41,579918,30296823.0,2.38,-1.43,-0.73,1.78
20241007,50.44,47.96,50.44,47.25,1281992,63603437.0,6.32,-4.92,-2.48,3.93
20241008,47.72,47.67,48.06,46.885,848679,41603462.0,2.45,-0.6,-0.29,2.6
20241009,47.69,46.86,48.78,46.72,908080,44307332.0,4.32,-1.7,-0.81,2.78
20241010,46.82,48.23,48.37,46.28,898420,44275721.0,4.46,2.92,1.37,2.75
20241011,48.23,49.15,49.42,47.97,1822075,91920598.0,3.01,1.91,0.92,5.58
20241014,49.15,48.16,49.15,47.51,832719,41281645.0,3.34,-2.01,-0.99,2.55
20241015,47.89,50.25,50.79,47.89,1026447,52900536.0,6.02,4.34,2.09,3.15
20241016,50.51,52.37,52.52,49.99,795916,42271927.0,5.03,4.22,2.12,2.44
20241017,52.3,53.61,53.715,51.88,886382,48360713.0,3.5,2.37,1.24,2.72
20241018,53.75,53.18,53.835,51.91,1012549,55007381.0,3.59,-0.8,-0.43,3.1
20241021,53.16,53.09,53.57,52.32,758363,41172567.0,2.35,-0.17,-0.09,2.32
20241022,52.68,50.63,52.68,50.35,942832,49219608.0,4.39,-4.63,-2.46,2.89
20241023,50.73,50.19,51.25,49.88,825278,42752251.0,2.71,-0.87,-0.44,2.53
20241024,50.15,49.35,50.45,48.98,691853,35185982.0,2.93,-1.67,-0.84,2.12
20241025,49.9,49.64,50.66,48.85,620311,31552286.0,3.67,0.59,0.29,1.9
20241028,50.41,51.7,52.585,50.05,679067,35998793.0,5.11,4.15,2.06,2.08
20241029,51.35,50.98,51.99,50.895,322998,16981630.0,2.12,-1.39,-0.72,0.99
20241030,50.74,50.07,51.48,49.93,533180,27557655.0,3.04,-1.79,-0.91,1.63
20241031,50.45,51.01,51.94,50.405,719171,37833761.0,3.07,1.88,0.94,2.2
20241101,51.77,53.88,55.012,51.159,1671507,92324027.0,7.55,5.63,2.87,5.12
20241104,54.41,54.76,55.82,53.81,1255815,70604817.0,3.73,1.63,0.88,3.85
20241105,54.8,55.89,56.3,54.52,1161693,66454380.0,3.25,2.06,1.13,3.56
20241106,57.245,56.83,59.37,56.63,2262689,133165179.0,4.9,1.68,0.94,6.93
20241107,57.7,54.15,57.7,53.13,1832821,102458230.0,8.04,-4.72,-2.68,5.61
20241108,53.75,53.71,54.85,53.3,1193654,66068770.0,2.86,-0.81,-0.44,3.66
20241111,53.71,52.0,54.06,51.82,2126624,115190488.0,4.17,-3.18,-1.71,6.52
20241112,51.2,49.6,51.65,49.07,1065430,54470374.0,4.96,-4.62,-2.4,3.26
20241113,50.01,49.41,50.1,48.46,1206513,61151264.0,3.31,-0.38,-0.19,3.7
20241114,48.26,47.76,49.53,46.09,2309178,112344205.0,6.96,-3.34,-1.65,7.07
20241115,48.39,45.94,48.39,45.245,1174481,55736930.0,6.59,-3.81,-1.82,3.6
20241118,46.4,46.93,47.12,46.265,1325824,63159419.0,1.86,2.15,0.99,4.06
20241119,46.72,46.23,46.98,45.66,1027938,48488270.0,2.81,-1.49,-0.7,3.15
20241120,45.96,46.39,47.27,45.48,1093346,51668440.0,3.87,0.35,0.16,3.35
20241121,46.51,46.94,47.27,45.83,780301,37185478.0,3.1,1.19,0.55,2.39
20241122,46.73,49.0,49.25,46.59,1184884,58600529.0,5.67,4.39,2.06,3.63
20241125,48.99,49.09,49.51,47.79,1276887,63616375.0,3.51,0.18,0.09,3.91
20241126,48.61,48.32,48.611,47.14,865767,42388397.0,3.0,-1.57,-0.77,2.65
20241127,48.65,48.84,50.1,48.65,732870,36614642.0,3.0,1.08,0.52,2.25
20241129,49.19,48.91,49.32,48.8,529904,26435391.0,1.06,0.14,0.07,1.62
20241202,48.9,48.62,49.5,47.88,1424845,70550901.0,3.31,-0.59,-0.29,4.37
20241203,47.91,47.7,48.3,46.65,926641,44933980.0,3.39,-1.89,-0.92,2.84
20241204,47.7,47.1,48.125,46.62,853585,40937814.0,3.16,-1.26,-0.6,2.62
20241205,46.78,49.21,49.67,46.78,1038895,51822715.0,6.14,4.48,2.11,3.18
20241206,49.52,47.83,49.62,47.37,893421,43554273.0,4.57,-2.8,-1.38,2.74
20241209,48.74,49.38,49.933,48.321,829491,41745768.0,3.37,3.24,1.55,2.54
20241210,49.04,46.93,49.2,46.67,996644,48172800.0,5.12,-4.96,-2.45,3.05
20241211,46.86,46.09,47.14,45.92,1285072,60701390.0,2.6,-1.79,-0.84,3.94
20241212,45.84,46.12,46.45,45.146,920237,43128787.0,2.83,0.07,0.03,2.82
20241213,45.85,43.87,46.145,43.34,1110747,50102367.0,6.08,-4.88,-2.25,3.4
20241216,43.96,41.42,43.985,40.98,1749027,74930441.0,6.85,-5.58,-2.45,5.36
20241217,41.62,41.04,41.83,40.64,912895,38448578.0,2.87,-0.92,-0.38,2.8
20241218,41.08,39.5,41.61,39.34,1056739,43329948.0,5.53,-3.75,-1.54,3.24
20241219,40.06,38.98,40.7,38.89,1173644,47295280.0,4.58,-1.32,-0.52,3.6
20241220,38.59,37.99,39.56,37.88,1821880,71421062.0,4.31,-2.54,-0.99,5.58
20241223,38.08,38.17,38.3,37.329,1051161,40741940.0,2.56,0.47,0.18,3.22
20241224,38.08,39.2,39.42,37.43,544951,21657088.0,5.21,2.7,1.03,1.67
20241226,39.07,39.78,40.31,38.65,928175,37778480.0,4.23,1.48,0.58,2.84
20241227,39.45,38.59,39.738,38.54,666267,26487881.0,3.01,-2.99,-1.19,2.04
20241230,38.58,39.17,39.82,38.18,1357008,54398918.0,4.25,1.5,0.58,4.16
20241231,39.58,40.15,40.65,39.33,1222354,50211229.0,3.37,2.5,0.98,3.74
20250102,40.62,42.36,42.96,40.45,1637796,70322465.0,6.25,5.5,2.21,5.02
20250103,42.65,42.17,43.15,41.76,1071086,46195874.0,3.28,-0.45,-0.19,3.28
20250106,42.43,41.41,42.86,41.2,1268704,54026762.0,3.94,-1.8,-0.76,3.89
20250107,40.87,39.02,41.55,38.94,1393621,56799553.0,6.3,-5.77,-2.39,4.27
20250108,38.74,37.04,38.74,36.78,1540591,58809321.0,5.02,-5.07,-1.98,4.72
20250110,36.64,35.89,36.64,35.33,2031956,74684813.0,3.54,-3.1,-1.15,6.22
20250113,36.94,36.78,37.48,35.85,2020146,76040843.0,4.54,2.48,0.89,6.19
20250114,36.87,36.8,37.54,36.395,2024280,76530516.0,3.11,0.05,0.02,6.2
20250115,37.26,35.93,37.55,35.89,1290498,48373765.0,4.51,-2.36,-0.87,3.95
20250116,35.74,35.69,36.32,34.58,1385576,50404642.0,4.84,-0.67,-0.24,4.24
20250117,35.93,35.09,35.989,34.36,2953586,106194773.0,4.56,-1.68,-0.6,9.05
20250121,35.28,36.37,36.74,34.79,2140420,79190519.0,5.56,3.65,1.28,6.56
20250122,36.25,36.87,37.04,35.71,2505336,93557300.0,3.66,1.37,0.5,7.67
20250123,36.83,38.96,39.32,36.755,1912091,75850341.0,6.96,5.67,2.09,5.86
20250124,38.96,38.05,39.39,37.86,1297276,50930795.0,3.93,-2.34,-0.91,3.97
20250127,38.42,38.5,39.15,37.76,1067748,41907848.0,3.65,1.18,0.45,3.27
20250128,38.16,38.46,39.01,37.86,833028,32850407.0,2.99,-0.1,-0.04,2.55
20250129,38.49,37.95,38.976,37.76,1062249,41612949.0,3.16,-1.33,-0.51,3.25
20250130,37.97,38.16,38.57,37.59,1202565,46889106.0,2.58,0.55,0.21,3.68
20250131,38.16,38.65,38.754,37.68,1149987,45251293.0,2.81,1.28,0.49,3.52
20250203,37.54,38.9,39.74,37.425,1496493,59706529.0,5.99,0.65,0.25,4.58
20250204,38.93,38.62,39.38,38.383,658797,26099967.0,2.56,-0.72,-0.28,2.02
20250205,38.64,38.25,38.865,37.28,1069776,41684757.0,4.1,-0.96,-0.37,3.28
20250206,38.75,38.24,38.99,37.741,767237,30054373.0,3.27,-0.03,-0.01,2.35
20250207,38.11,37.13,38.34,36.89,1116682,42689702.0,3.79,-2.9,-1.11,3.42
20250210,37.86,38.18,39.23,37.84,1298060,50309673.0,3.74,2.83,1.05,3.98
20250211,37.84,41.3,41.94,37.741,3642551,150832102.0,11.0,8.17,3.12,11.16
20250212,40.88,42.85,43.59,40.24,3918600,168083318.0,8.11,3.75,1.55,12.0
20250213,42.96,50.82,53.94,42.96,10272112,510048944.0,25.62,18.6,7.97,31.47
20250214,51.04,48.58,52.245,48.21,3054515,151848977.0,7.94,-4.41,-2.24,9.36
20250218,49.0,50.62,51.41,48.92,1927688,97898950.0,5.13,4.2,2.04,5.9
20250219,50.29,48.59,50.468,47.65,1624387,79492264.0,5.57,-4.01,-2.03,4.98
20250220,48.81,48.0,48.86,47.255,930748,45006062.0,3.3,-1.21,-0.59,2.85
20250221,48.5,47.26,49.72,47.2,1380160,66785160.0,5.25,-1.54,-0.74,4.23
20250224,47.05,48.27,48.34,45.73,1266649,61205023.0,5.52,2.14,1.01,3.88
20250225,48.25,49.35,50.21,48.04,1934239,96325119.0,4.5,2.24,1.08,5.92
20250226,49.54,45.78,49.57,45.71,1716250,81336178.0,7.82,-7.23,-3.57,5.25
20250227,48.28,46.43,48.38,44.71,1839230,86512680.0,8.02,1.42,0.65,5.63
20250228,46.11,44.89,46.11,43.69,1460074,66070226.0,5.21,-3.32,-1.54,4.47
20250303,44.69,44.11,44.7,43.62,1086403,48452342.0,2.41,-1.74,-0.78,3.33
20250304,43.54,46.17,46.35,43.07,898657,41546832.0,7.44,4.67,2.06,2.75
20250305,46.03,44.33,46.3,43.565,1180388,52861589.0,5.92,-3.99,-1.84,3.61
20250306,44.15,46.06,46.24,43.87,1056275,48844715.0,5.35,3.9,1.73,3.23
20250307,46.08,47.53,48.35,46.08,1394803,66900429.0,4.93,3.19,1.47,4.27
20250310,47.43,48.51,50.0,47.39,1425016,70030009.0,5.49,2.06,0.98,4.36
20250311,48.43,45.84,48.88,45.17,1066480,49587564.0,7.65,-5.5,-2.67,3.26
20250312,45.39,43.51,45.425,43.48,897889,39916048.0,4.24,-5.08,-2.33,2.75
20250313,43.37,42.56,44.01,42.37,1617537,69709466.0,3.77,-2.18,-0.95,4.95
20250314,42.71,42.9,43.09,42.21,672029,29070911.0,2.07,0.8,0.34,2.05
20250317,43.29,46.45,46.745,43.29,1161402,54031314.0,8.05,8.28,3.55,3.55
20250318,46.04,46.06,46.15,45.19,716581,33137441.0,2.07,-0.84,-0.39,2.19
20250319,45.6,45.39,46.065,44.5,626341,28619043.0,3.4,-1.45,-0.67,1.91
20250320,45.09,44.99,45.74,44.71,515717,23481008.0,2.27,-0.88,-0.4,1.58
20250321,44.38,44.26,44.76,43.96,937485,41956326.0,1.78,-1.62,-0.73,2.87
20250324,44.44,43.16,44.86,42.28,1729389,75307116.0,5.83,-2.49,-1.1,5.29
20250325,42.94,40.12,43.44,39.95,1566005,64589508.0,8.09,-7.04,-3.04,4.79
20250326,39.875,40.33,41.01,39.22,1870723,75830691.0,4.46,0.52,0.21,5.72
20250327,40.19,40.56,40.93,40.06,1754934,71990765.0,2.16,0.57,0.23,5.37
20250328,40.56,39.38,40.62,39.05,826990,33068287.0,3.87,-2.91,-1.18,2.53
20250331,38.93,40.62,40.99,38.818,1308544,53426496.0,5.52,3.15,1.24,4.0
20250401,40.76,41.11,41.2,39.72,862119,35461352.0,3.64,1.21,0.49,2.63
20250402,40.55,41.41,41.75,39.81,768629,31998407.0,4.72,0.73,0.3,2.35
20250403,40.54,40.55,41.54,39.615,1525432,62241611.0,4.65,-2.08,-0.86,4.66
20250404,39.59,35.87,39.95,35.54,1939819,71798357.0,10.88,-11.54,-4.68,5.93
20250407,34.94,34.69,36.54,33.572,1830935,64576144.0,8.27,-3.29,-1.18,5.59
20250408,35.76,31.68,35.79,31.09,1928365,63654552.0,13.55,-8.68,-3.01,5.89
20250409,31.04,33.4,33.615,30.31,2228497,72638354.0,10.43,5.43,1.72,6.81
20250410,32.72,31.99,33.38,30.58,1101947,35544185.0,8.38,-4.22,-1.41,3.37
20250411,32.14,31.41,32.185,30.25,1232881,39060967.0,6.05,-1.81,-0.58,3.77
20250414,31.77,30.55,31.86,29.85,1487493,46105334.0,6.4,-2.74,-0.86,4.55
20250415,30.28,29.99,30.64,29.74,963626,29415557.0,2.95,-1.83,-0.56,2.94
20250416,29.89,30.58,30.949,29.872,1007393,31215548.0,3.59,1.97,0.59,3.08
20250417,30.38,30.7,31.02,29.96,805811,25090581.0,3.47,0.39,0.12,2.46
20250421,30.62,30.42,30.975,29.7,1237204,37989275.0,4.15,-0.91,-0.28,3.78
20250422,30.69,31.13,31.3,30.05,1031556,32305372.0,4.11,2.33,0.71,3.15
20250423,31.69,32.28,32.55,31.69,905169,29586016.0,2.76,3.69,1.15,2.77
20250424,32.19,32.73,32.8,31.602,754290,24862818.0,3.71,1.39,0.45,2.3
20250425,32.55,33.02,33.11,31.91,764573,25397561.0,3.67,0.89,0.29,2.34
20250428,33.02,33.25,34.161,32.64,926476,31276125.0,4.61,0.7,0.23,2.83
20250429,33.1,33.26,33.54,32.54,891348,29960572.0,3.01,0.03,0.01,2.72
20250430,32.87,34.07,34.23,31.8,876819,29788177.0,7.31,2.44,0.81,2.68
20250501,33.9,34.14,34.5,33.35,630376,21807146.0,3.38,0.21,0.07,1.93
20250502,34.54,35.23,35.44,34.34,914446,32491527.0,3.22,3.19,1.09,2.79
20250505,34.97,34.97,35.87,34.814,1016338,36204533.0,3.0,-0.74,-0.26,3.1
20250506,34.84,33.36,35.174,33.35,970148,33195184.0,5.22,-4.6,-1.61,2.96
20250507,33.54,32.84,33.75,32.81,1129767,37863312.0,2.82,-1.56,-0.52,3.45
20250508,34.74,38.14,38.78,34.13,2808466,107132476.0,14.16,16.14,5.3,8.58
20250509,38.13,37.81,39.39,37.35,1745773,67104669.0,5.35,-0.87,-0.33,5.33
20250512,39.15,40.59,40.96,38.617,1543080,62961988.0,6.2,7.35,2.78,4.71
20250513,41.03,40.99,41.99,40.73,1048468,43806609.0,3.1,0.99,0.4,3.2
20250514,40.47,39.81,40.62,39.45,778323,31393234.0,2.85,-2.88,-1.18,2.38
20250515,39.81,39.59,40.34,39.42,909215,36573887.0,2.31,-0.55,-0.22,2.78
20250516,39.66,39.88,39.94,38.93,1427660,57071033.0,2.55,0.73,0.29,4.36
20250519,39.37,41.27,41.28,39.263,752001,30687147.0,5.06,3.49,1.39,2.3
20250520,40.76,40.79,41.14,40.42,658286,26846019.0,1.74,-1.16,-0.48,2.01
20250521,40.36,41.0,41.27,40.03,770662,31437831.0,3.04,0.51,0.21,2.35
20250522,40.75,42.53,42.79,40.5,763287,32162056.0,5.59,3.73,1.53,2.33
20250523,41.26,42.25,42.32,40.87,515837,21553370.0,3.41,-0.66,-0.28,1.58
20250527,42.85,44.31,44.625,42.5,1278565,56338382.0,5.03,4.88,2.06,3.91
20250528,44.38,43.59,44.425,43.055,1009241,43892810.0,3.09,-1.62,-0.72,3.08
20250529,43.71,43.82,44.28,43.241,1000666,43900331.0,2.38,0.53,0.23,3.06
20250530,43.51,45.25,45.385,42.97,921693,41452503.0,5.51,3.26,1.43,2.82
20250602,44.81,46.31,46.52,44.4,1360866,62635204.0,4.69,2.34,1.06,4.16
20250603,46.3,46.39,46.75,45.51,835510,38681625.0,2.68,0.17,0.08,2.55
20250604,46.58,47.09,48.205,46.465,657043,31176755.0,3.75,1.51,0.7,2.01
20250605,46.92,47.51,48.105,45.8,1394002,66034527.0,4.89,0.89,0.42,4.26
20250606,47.88,49.91,50.38,47.311,1219210,60416876.0,6.46,5.05,2.4,3.72
20250609,50.25,50.53,51.06,49.63,976114,49318294.0,2.87,1.24,0.62,2.98
20250610,50.46,48.2,50.54,48.03,1572067,76677051.0,4.97,-4.61,-2.33,4.8
20250611,48.22,51.79,55.47,45.76,6286438,328116288.0,20.15,7.45,3.59,19.2
20250612,51.9,50.63,52.04,49.505,1704496,86699013.0,4.89,-2.24,-1.16,5.21
20250613,50.015,50.42,51.45,49.75,1079120,54441568.0,3.36,-0.41,-0.21,3.3
20250616,50.87,49.8,51.36,49.722,1209076,60894625.0,3.25,-1.23,-0.62,3.69
20250617,49.35,49.1,50.2,48.42,1251435,61377596.0,3.57,-1.41,-0.7,3.82
20250618,49.0,48.98,50.145,48.17,1457161,71630782.0,4.02,-0.24,-0.12,4.45
20250620,49.74,49.55,50.283,48.82,995006,49198789.0,2.99,1.16,0.57,3.04
20250623,49.32,49.0,49.98,48.708,1079197,53077119.0,2.57,-1.11,-0.55,3.3
20250624,49.03,49.04,50.0,48.28,998699,49058398.0,3.51,0.08,0.04,3.05
20250625,49.04,47.85,49.38,47.61,771821,37053937.0,3.61,-2.43,-1.19,2.36
20250626,48.24,48.53,49.499,47.66,1164613,56426291.0,3.84,1.42,0.68,3.56
20250627,48.22,48.69,48.81,47.41,1515724,73446596.0,2.88,0.33,0.16,4.63
20250630,48.87,48.94,49.05,48.03,934286,45467093.0,2.09,0.51,0.25,2.85
20250701,48.99,49.48,51.26,48.92,885584,44337065.0,4.78,1.1,0.54,2.7
20250702,49.68,49.88,51.63,49.0,2037907,102624784.0,5.32,0.81,0.4,6.22
20250703,49.82,49.0,50.225,48.33,540590,26404648.0,3.8,-1.76,-0.88,1.65
20250707,48.94,47.55,49.25,46.51,1606539,76332070.0,5.59,-2.96,-1.45,4.91
20250708,47.57,48.31,48.36,46.9,981870,47047633.0,3.07,1.6,0.76,3.0
20250709,48.36,47.93,48.66,47.415,1102934,52872962.0,2.58,-0.79,-0.38,3.37
20250710,47.59,48.02,48.53,47.41,681748,32688879.0,2.34,0.19,0.09,2.08
20250711,47.87,47.02,48.28,46.84,742494,35167374.0,3.0,-2.08,-1.0,2.27
20250714,47.06,46.9,47.558,46.5,607743,28586242.0,2.25,-0.26,-0.12,1.86
20250715,47.0,44.03,47.0,43.57,1798435,79839873.0,7.31,-6.12,-2.87,5.49
20250716,44.53,44.07,44.815,43.427,746931,32992597.0,3.15,0.09,0.04,2.28
20250717,44.3,44.06,44.7,43.57,615581,27135966.0,2.56,-0.02,-0.01,1.88
20250718,44.47,45.06,45.1,43.4,1130862,50499129.0,3.86,2.27,1.0,3.45
20250721,45.54,44.74,45.72,44.47,998944,45006426.0,2.77,-0.71,-0.32,3.05
20250722,44.38,45.35,45.7,44.265,844723,38227983.0,3.21,1.36,0.61,2.58
20250723,45.91,45.53,46.31,45.25,837933,38205306.0,2.34,0.4,0.18,2.56
20250724,45.16,43.14,45.16,43.125,907004,39609542.0,4.47,-5.25,-2.39,2.77
20250725,43.28,43.94,44.06,42.81,459327,20010569.0,2.9,1.85,0.8,1.4
20250728,44.12,43.06,44.12,42.58,813061,34989565.0,3.5,-2.0,-0.88,2.48
20250729,43.17,42.205,43.18,41.7,725387,30551929.0,3.44,-1.99,-0.855,2.21
20250730,42.68,43.43,43.48,42.41,839866,36194747.0,2.54,2.9,1.225,2.56
20250731,42.67,42.41,43.49,42.31,551296,23485250.0,2.72,-2.35,-1.02,1.68
20250801,42.32,41.79,42.83,41.39,623978,26041653.0,3.4,-1.46,-0.62,1.9
20250804,41.79,40.08,42.0,39.66,1075016,43227839.0,5.6,-4.09,-1.71,3.28
20250805,39.9,40.17,40.99,39.57,1324322,53344898.0,3.54,0.22,0.09,4.04
20250806,40.16,40.52,41.05,39.35,1727365,69765089.0,4.23,0.87,0.35,5.27
20250807,43.25,44.0,44.89,42.715,1185001,52197215.0,5.37,8.59,3.48,3.62
20250808,44.2,43.32,44.2,42.8,861326,37314003.0,3.18,-1.55,-0.68,2.63
20250811,43.54,44.14,44.42,42.51,1210026,52908009.0,4.41,1.89,0.82,3.69
20250812,44.56,46.12,46.26,43.415,1424169,64965662.0,6.45,4.49,1.98,4.35
20250813,46.06,47.54,47.74,45.605,1174513,55374566.0,4.63,3.08,1.42,3.59
20250814,47.23,47.6,47.89,46.32,561263,26567217.0,3.3,0.13,0.06,1.71
20250815,47.8,47.57,48.545,47.22,1270061,60713418.0,2.78,-0.06,-0.03,3.88
20250818,47.07,45.87,47.15,45.8,877622,40558455.0,2.84,-3.57,-1.7,2.68
20250819,46.48,45.9,47.315,45.83,724657,33483874.0,3.24,0.07,0.03,2.21
20250820,45.61,45.05,45.82,44.54,643367,28942922.0,2.79,-1.85,-0.85,1.96
20250821,44.87,44.32,45.005,43.94,584151,25921233.0,2.36,-1.62,-0.73,1.78
20250822,44.69,46.29,47.71,44.66,1281631,58966424.0,6.88,4.44,1.97,3.91
20250825,46.15,48.22,48.34,45.6,1558411,74335325.0,5.92,4.17,1.93,4.76
20250826,48.0,48.66,48.73,47.24,1415976,68271413.0,3.09,0.91,0.44,4.32
20250827,49.02,48.56,49.911,47.95,1315654,64035524.0,4.03,-0.21,-0.1,4.02
20250828,48.68,47.67,49.4,47.34,2168327,104828665.0,4.24,-1.83,-0.89,6.62
20250829,47.81,48.71,48.85,47.66,832685,40418159.0,2.5,2.18,1.04,2.54
20250902,48.4,47.62,48.44,47.54,990759,47390210.0,1.85,-2.24,-1.09,3.02
20250903,47.44,48.22,48.57,46.31,960360,45809202.0,4.75,1.26,0.6,2.93
20250904,48.16,47.37,48.25,46.1,979654,46133064.0,4.46,-1.76,-0.85,2.99
20250905,47.37,48.24,48.64,47.37,752903,36208640.0,2.68,1.84,0.87,2.3
20250908,48.0,49.69,49.77,47.28,1016496,49616777.0,5.16,3.01,1.45,3.1
