trade_date,open,close,high,low,volume,amount,amplitude,pct_change,change,turnover_rate
20220721,200.0,182.0,260.7,161.5,499064,10679083.0,198.4,264.0,132.0,4.39
20220722,190.0,103.4,201.15,88.5,370673,5564938.0,61.9,-43.19,-78.6,3.26
20220725,110.3,168.0,169.5,101.243,412103,5607149.0,66.01,62.48,64.6,3.56
20220726,183.9,184.4,224.7,130.0,4945239,82802771.0,56.37,9.76,16.4,42.72
20220727,168.0,186.9,206.0,151.16,1883499,34671282.0,29.74,1.36,2.5,16.27
20220728,177.6,208.0,240.0,177.6,2339936,50173660.0,33.39,11.29,21.1,20.21
20220729,199.2,54.0,290.0,54.0,10444517,168423808.0,113.46,-74.04,-154.0,90.22
20220801,74.8,118.5,137.5,69.8,57492581,640061696.0,125.37,119.44,64.5,496.63
20220802,126.3,120.1,140.0,106.201,10015625,126015307.0,28.52,1.35,1.6,86.52
20220803,111.7,115.5,123.6,110.1,2312524,26804899.0,11.24,-3.83,-4.6,19.98
20220804,106.0,107.4,124.0,85.7,2699174,28249118.0,33.16,-7.01,-8.1,23.32
20220805,110.0,109.4,115.7,103.001,1331488,14566478.0,11.82,1.86,2.0,11.5
20220808,105.6,97.4,107.999,93.201,815570,8064060.0,13.53,-10.97,-12.0,7.04
20220809,95.0,82.0,97.8,75.6,973593,8248314.0,22.79,-15.81,-15.4,8.41
20220810,77.7,72.7,84.8,68.205,1072285,7902526.0,20.24,-11.34,-9.3,9.26
20220811,72.0,70.4,77.0,65.0,697583,4942883.0,16.51,-3.16,-2.3,6.03
20220812,69.0,68.8,73.5,65.3,556525,3824324.0,11.65,-2.27,-1.6,4.81
20220815,66.3,72.7,80.9,65.2,574682,4199573.0,22.82,5.67,3.9,4.96
20220816,72.5,67.1,72.824,65.7,339619,2321145.0,9.8,-7.7,-5.6,2.93
20220817,66.4,68.5,68.729,61.2,235342,1558924.0,11.22,2.09,1.4,2.03
20220818,68.7,58.5,69.8,57.0,605142,3838476.0,18.69,-14.6,-10.0,5.23
20220819,58.2,55.4,61.593,55.0,604120,3543128.0,11.27,-5.3,-3.1,5.22
20220822,54.9,45.0,56.4,44.0,354720,1772366.0,22.38,-18.77,-10.4,3.06
20220823,44.3,44.6,47.8,43.6,140680,633240.0,9.33,-0.89,-0.4,1.22
20220824,45.3,44.0,49.0,42.1,182994,822252.0,15.47,-1.35,-0.6,1.58
20220825,43.6,37.8,44.183,37.5,263114,1057196.0,15.19,-14.09,-6.2,2.27
20220826,36.9,31.0,37.8,31.0,235789,801468.0,17.99,-17.99,-6.8,2.04
20220829,31.2,32.8,33.0,30.1,206957,653950.0,9.35,5.81,1.8,1.79
20220830,36.3,35.4,46.5,33.0,5767794,23684659.0,41.16,7.93,2.6,49.82
20220831,35.1,35.1,37.387,32.6,462768,1629633.0,13.52,-0.85,-0.3,4.0
20220901,37.8,55.7,61.0,34.5,21926284,110166443.0,75.5,58.69,20.6,189.4
20220902,52.6,39.6,52.7,38.0,2373605,10286700.0,26.39,-28.9,-16.1,20.5
20220906,39.1,35.4,39.5,34.4,360008,1301315.0,12.88,-10.61,-4.2,3.11
20220907,33.4,35.3,37.2,33.0,298036,1045249.0,11.86,-0.28,-0.1,2.57
20220908,34.1,33.3,36.7,31.6,314292,1091481.0,14.45,-5.67,-2.0,2.71
20220909,33.6,33.8,35.912,32.4,221948,757507.0,10.55,1.5,0.5,1.92
20220912,33.9,34.5,34.5,32.3,191634,634873.0,6.51,2.07,0.7,1.66
20220913,34.6,31.3,34.8,30.9,246433,789363.0,11.3,-9.28,-3.2,2.13
20220914,31.5,31.0,31.8,30.1,233497,712308.0,5.43,-0.96,-0.3,2.02
20220915,31.5,29.6,32.75,29.38,279948,866917.0,10.87,-4.52,-1.4,2.42
20220916,29.6,26.4,29.6,26.1,378268,1029474.0,11.82,-10.81,-3.2,3.27
20220919,26.4,24.7,26.4,24.2,189863,474123.0,8.33,-6.44,-1.7,1.64
20220920,35.7,34.9,37.4,32.6,62795125,219802422.0,19.43,41.3,10.2,542.43
20220921,31.4,30.4,32.9,29.073,1558565,4869888.0,10.97,-12.89,-4.5,13.46
20220922,34.7,32.8,36.4,31.8,8711439,29702160.0,15.13,7.89,2.4,75.25
20220923,30.8,28.05,31.7,27.1,684865,1979807.0,14.02,-14.48,-4.75,5.92
20220926,27.7,30.4,30.789,26.6,346556,998516.0,14.93,8.38,2.35,2.99
20220927,30.0,31.1,31.583,29.9,165511,508166.0,5.54,2.3,0.7,1.43
20220928,31.4,32.9,33.7,30.15,477364,1534591.0,11.41,5.79,1.8,4.12
20220929,31.5,30.8,33.45,29.901,220567,706887.0,10.79,-6.38,-2.1,1.91
20220930,30.6,31.5,32.0,30.4,200088,626587.0,5.19,2.27,0.7,1.72
20221003,31.4,28.6,31.6,28.6,168390,496156.0,9.52,-9.21,-2.9,1.44
20221004,28.6,27.7,29.0,26.7,191109,531713.0,8.04,-3.15,-0.9,1.64
20221005,26.9,25.3,27.6,24.7,218474,556553.0,10.47,-8.66,-2.4,1.87
20221006,24.9,23.9,25.9,23.1,186185,455959.0,11.07,-5.53,-1.4,1.6
20221007,23.2,21.4,23.2,21.3,128536,282522.0,7.95,-10.46,-2.5,1.1
20221010,21.4,20.3,21.5,20.3,153673,318190.0,5.61,-5.14,-1.1,1.32
20221011,21.1,19.3,21.1,18.9,90173,177269.0,10.84,-4.93,-1.0,0.77
20221012,19.9,17.6,20.1,17.4,103572,196275.0,13.99,-8.81,-1.7,0.89
20221013,17.0,17.5,18.4,16.5,126174,216757.0,10.8,-0.57,-0.1,1.08
20221014,18.3,16.2,18.7,16.2,46260,78345.0,14.29,-7.43,-1.3,0.4
20221017,16.3,16.9,17.5,15.9,87494,146166.0,9.88,4.32,0.7,0.75
20221018,17.5,17.1,17.7,16.8,40476,69531.0,5.33,1.18,0.2,0.35
20221019,16.5,15.5,17.4,15.5,54864,88349.0,11.11,-9.36,-1.6,0.47
20221020,15.5,15.5,16.6,15.1,101198,157155.0,9.68,0.0,0.0,0.87
20221021,15.6,14.0,15.6,13.3,89214,127394.0,14.84,-9.68,-1.5,0.76
20221024,14.0,13.6,14.5,13.3,43652,60100.0,8.57,-2.86,-0.4,0.37
20221025,13.6,15.0,15.3,13.6,99734,145243.0,12.5,10.29,1.4,0.86
20221026,15.2,14.6,15.2,14.2,76027,110997.0,6.67,-2.67,-0.4,0.65
20221027,14.538,15.8,15.9,14.0,133595,200082.0,13.01,8.22,1.2,1.15
20221028,16.1,15.3,16.5,14.5,96831,146936.0,12.66,-3.16,-0.5,0.83
20221031,15.208,15.1,15.699,14.5,20921,31255.0,7.84,-1.31,-0.2,0.18
20221101,14.801,16.3,16.5,14.801,61316,98529.0,11.25,7.95,1.2,0.53
20221102,16.3,16.8,16.8,15.2,67723,109129.0,9.82,3.07,0.5,0.58
20221103,25.1,22.9,25.5,22.2,54761475,128412625.0,19.64,36.31,6.1,469.54
20221104,18.0,16.6,18.2,16.1,2629129,4487571.0,9.17,-27.51,-6.3,22.54
20221107,16.0,16.8,17.2,13.4,516858,773151.0,22.89,1.2,0.2,4.43
20221108,16.9,14.7,16.9,14.3,177649,273163.0,15.48,-12.5,-2.1,1.52
20221109,14.5,13.7,15.3,13.7,139711,199524.0,10.88,-6.8,-1.0,1.2
20221110,15.7,14.8,15.7,14.0,2779380,4108195.0,12.41,8.03,1.1,23.83
20221111,14.2,14.5,14.71,13.202,299777,417785.0,10.19,-2.03,-0.3,2.57
20221114,14.6,14.959,15.9,13.702,209659,310307.0,15.16,3.17,0.459,1.8
20221115,15.0,14.8,15.7,14.6,144130,218555.0,7.35,-1.06,-0.159,1.24
20221116,15.2,15.0,15.3,14.3,67759,99971.0,6.76,1.35,0.2,0.58
20221117,14.6,14.1,14.8,13.8,62159,88266.0,6.67,-6.0,-0.9,0.53
20221118,14.2,14.2,14.8,14.2,34389,49734.0,4.26,0.71,0.1,0.27
20221121,14.5,13.4,14.5,13.25,90536,122826.0,8.8,-5.63,-0.8,0.71
20221122,13.0,12.6,13.5,12.4,76379,97508.0,8.21,-5.97,-0.8,0.6
20221123,12.6,13.1,13.201,12.6,64388,82986.0,4.77,3.97,0.5,0.5
20221125,13.05,13.6,13.7,13.0,69011,92034.0,5.34,3.82,0.5,0.54
20221128,13.45,13.5,13.8,12.9,98904,131546.0,6.62,-0.74,-0.1,0.77
20221129,13.6,13.2,13.6,13.0,41400,55098.0,4.44,-2.22,-0.3,0.32
20221130,13.2,15.65,16.2,12.6,358318,514752.0,27.27,18.56,2.45,2.79
20221201,16.5,16.1,17.05,14.7,647772,1046393.0,15.02,2.88,0.45,5.05
20221202,16.2,13.9,17.1,13.2,374651,548382.0,24.22,-13.66,-2.2,2.92
20221205,14.2,13.7,14.58,13.0,98828,136966.0,11.37,-1.44,-0.2,0.77
20221206,13.7,13.0,14.2,12.3,434557,572777.0,13.87,-5.11,-0.7,3.39
20221207,12.2,12.4,12.9,11.7,161924,198666.0,9.23,-4.62,-0.6,1.26
20221208,13.0,12.0,13.0,11.4,144073,173032.0,12.9,-3.23,-0.4,1.12
20221209,11.3,10.1,12.0,9.4,384101,406319.0,21.67,-15.83,-1.9,2.99
20221212,10.3,11.9,14.4,9.801,3476181,4263052.0,45.53,17.82,1.8,27.1
20221213,12.8,10.9,13.0,10.0,1567965,1786550.0,25.21,-8.4,-1.0,12.22
20221214,10.3,9.59,10.55,9.0,803344,768667.0,14.22,-12.02,-1.31,6.26
20221215,9.59,8.0,9.59,7.11,766117,625128.0,25.86,-16.58,-1.59,5.97
20221216,7.5,6.518,7.9,5.8,1381985,855410.0,26.25,-18.53,-1.482,10.77
20221219,6.963,6.3,6.963,6.2,316043,204991.0,11.71,-3.34,-0.218,2.46
20221220,6.11,5.8,6.29,5.4,295666,172907.0,14.13,-7.94,-0.5,2.3
20221221,6.0,5.9,6.0,5.414,190613,111345.0,10.1,1.72,0.1,1.49
20221222,5.752,5.75,6.199,5.51,176236,103897.0,11.68,-2.54,-0.15,1.37
20221223,5.865,5.7,6.1,5.5,219176,126430.0,10.43,-0.87,-0.05,1.71
20221227,5.711,6.9,7.501,5.702,1042882,717159.0,31.56,21.05,1.2,8.13
20221228,6.5,5.721,6.611,5.555,375670,221968.0,15.3,-17.09,-1.179,2.93
20221229,5.81,6.601,7.2,5.81,533108,348467.0,24.3,15.38,0.88,4.16
20221230,6.468,7.3,7.451,6.2,657581,455311.0,18.95,10.59,0.699,5.13
20230103,7.5,8.032,10.999,6.7,3612849,3232959.0,58.89,10.03,0.732,28.16
20230104,9.0,8.6,9.0,7.501,1151781,932911.0,18.66,7.07,0.568,8.98
20230105,7.8,7.39,8.199,7.055,563161,416167.0,13.3,-14.07,-1.21,4.39
20230106,7.658,7.387,7.66,6.6,332245,231665.0,14.34,-0.04,-0.003,2.59
20230109,7.408,7.0,7.408,6.8,272817,193716.0,8.23,-5.24,-0.387,2.13
20230110,6.8,7.285,7.37,6.8,119859,85145.0,8.14,4.07,0.285,0.93
20230111,7.665,7.477,8.17,7.3,143386,107663.0,11.94,2.64,0.192,1.12
20230112,7.302,7.11,7.894,7.001,84706,61456.0,11.94,-4.91,-0.367,0.66
20230113,7.0,7.445,7.799,6.9,181388,132973.0,12.64,4.71,0.335,1.41
20230117,7.78,7.8,8.05,7.2,494669,382016.0,11.42,4.77,0.355,3.86
20230118,7.55,7.93,7.998,7.257,148040,113482.0,9.5,1.67,0.13,1.15
20230119,7.596,7.704,8.955,7.403,244761,194861.0,19.57,-2.85,-0.226,1.91
20230120,7.785,7.515,7.9,7.4,131269,99988.0,6.49,-2.45,-0.189,1.02
20230123,7.515,7.26,7.7,7.0,187143,137555.0,9.31,-3.39,-0.255,1.46
20230124,7.344,7.449,7.498,7.2,57309,42689.0,4.1,2.6,0.189,0.45
20230125,7.2,7.874,8.1,7.2,124453,94538.0,12.08,5.71,0.425,0.97
20230126,7.9,8.26,8.771,7.874,167514,138023.0,11.39,4.9,0.386,1.31
20230127,8.5,7.8,8.5,7.522,135262,109109.0,11.84,-5.57,-0.46,1.05
20230130,8.0,7.397,8.0,7.397,68269,52522.0,7.73,-5.17,-0.403,0.53
20230131,7.6,7.58,8.0,7.41,62082,47511.0,7.98,2.47,0.183,0.48
20230201,7.6,7.4,7.7,7.2,76118,56699.0,6.6,-2.37,-0.18,0.59
20230202,7.5,7.91,7.968,7.231,155623,117793.0,9.96,6.89,0.51,1.21
20230203,7.798,8.199,8.37,7.601,127282,101742.0,9.72,3.65,0.289,0.99
20230206,8.199,8.195,8.4,8.004,87051,71781.0,4.83,-0.05,-0.004,0.68
20230207,8.3,8.7,11.8,8.2,3528455,3434599.0,43.93,6.16,0.505,27.51
20230208,8.2,9.062,9.6,7.7,668622,579737.0,21.84,4.16,0.362,5.21
20230209,8.737,10.0,10.8,8.7,1086678,1075797.0,23.17,10.35,0.938,8.47
20230210,10.2,9.09,10.2,8.801,244977,225901.0,13.99,-9.1,-0.91,1.91
20230213,9.206,8.782,9.4,8.5,135875,122213.0,9.9,-3.39,-0.308,1.06
20230214,9.6,8.422,9.6,8.01,100996,87468.0,18.11,-4.1,-0.36,0.79
20230215,8.579,8.49,8.998,8.1,86169,70785.0,10.66,0.81,0.068,0.67
20230216,8.4,8.197,8.7,7.8,211860,171047.0,10.6,-3.45,-0.293,1.65
20230217,8.2,8.001,8.2,7.6,73219,58336.0,7.32,-2.39,-0.196,0.57
20230221,7.8,7.601,8.001,7.51,31413,24106.0,6.14,-5.0,-0.4,0.24
20230222,7.5,7.3,7.875,7.175,72285,53721.0,9.21,-3.96,-0.301,0.56
20230223,7.3,7.1,7.65,6.8,46117,32362.0,11.64,-2.74,-0.2,0.36
20230224,6.963,6.42,7.1,6.106,67469,43528.0,14.0,-9.58,-0.68,0.53
20230227,7.39,6.653,7.39,6.653,103882,72310.0,11.48,3.63,0.233,0.81
20230228,6.749,6.809,7.399,6.71,24212,16887.0,10.36,2.34,0.156,0.19
20230301,6.8,7.14,7.16,6.701,47879,33388.0,6.74,4.86,0.331,0.37
20230302,6.82,7.334,7.6,6.82,26177,18635.0,10.92,2.72,0.194,0.2
20230303,6.81,7.0,7.311,6.81,23034,16076.0,6.83,-4.55,-0.334,0.18
20230306,7.049,6.629,7.1,6.601,30417,21197.0,7.13,-5.3,-0.371,0.24
20230307,15.5,12.1,16.0,11.2,68344826,95082306.0,72.41,82.53,5.471,532.79
20230308,9.607,10.7,11.5,9.4,3908799,4150344.0,17.36,-11.57,-1.4,30.47
20230309,10.7,9.3,10.7,9.0,922327,888083.0,15.89,-13.08,-1.4,7.19
20230310,8.241,8.795,9.1,8.203,602320,516438.0,9.65,-5.43,-0.505,4.7
20230313,8.41,8.2,8.8,8.2,215225,181278.0,6.82,-6.77,-0.595,1.68
20230314,7.9,7.799,8.6,7.338,403311,313765.0,15.39,-4.89,-0.401,3.14
20230315,7.628,7.831,8.0,7.301,187987,142003.0,8.96,0.41,0.032,1.47
20230316,8.0,7.5,8.097,7.4,273602,207210.0,8.9,-4.23,-0.331,2.13
20230317,7.411,7.004,7.567,6.607,343303,240084.0,12.8,-6.61,-0.496,2.21
20230320,6.7,6.886,7.298,6.7,163236,112747.0,8.54,-1.68,-0.118,1.05
20230321,6.8,7.092,7.199,6.75,106786,74067.0,6.52,2.99,0.206,0.69
20230322,6.9,7.48,7.599,6.9,241744,175810.0,9.86,5.47,0.388,1.55
20230323,7.38,6.9,7.45,6.765,157378,110219.0,9.16,-7.75,-0.58,1.01
20230324,6.701,7.012,7.299,6.701,77630,53730.0,8.67,1.62,0.112,0.5
20230327,7.065,6.9,7.3,6.8,60131,41936.0,7.13,-1.6,-0.112,0.39
20230328,6.999,7.0,7.199,6.776,36540,25831.0,6.13,1.45,0.1,0.24
20230329,7.0,6.9,7.049,6.519,95973,65027.0,7.57,-1.43,-0.1,0.62
20230330,6.86,6.842,7.09,6.722,48784,33718.0,5.33,-0.84,-0.058,0.31
20230331,6.842,6.954,7.0,6.8,136840,94494.0,2.92,1.64,0.112,0.88
20230403,6.902,6.75,6.999,6.5,121413,81483.0,7.18,-2.93,-0.204,0.78
20230404,6.88,6.6,7.027,6.5,234855,157600.0,7.81,-2.22,-0.15,1.51
20230405,6.78,6.5,7.48,6.101,198605,130617.0,20.89,-1.52,-0.1,1.28
20230406,6.5,6.614,6.685,6.12,339880,216646.0,8.69,1.75,0.114,2.19
20230410,6.899,6.3,6.999,6.3,181127,120392.0,10.57,-4.75,-0.314,1.17
20230411,6.201,6.125,6.5,6.006,164652,101582.0,7.84,-2.78,-0.175,1.06
20230412,6.085,5.805,6.13,5.66,128178,74890.0,7.67,-5.22,-0.32,0.82
20230413,5.702,5.991,6.0,5.6,190778,111997.0,6.89,3.2,0.186,1.23
20230414,6.0,6.2,6.29,5.9,77813,47744.0,6.51,3.49,0.209,0.5
20230417,6.011,6.199,6.39,5.802,109726,66258.0,9.48,-0.02,-0.001,0.71
20230418,6.1,6.035,6.221,5.8,63649,37811.0,6.79,-2.65,-0.164,0.41
20230419,8.509,5.6,8.542,5.57,15630708,10532749.0,49.25,-7.21,-0.435,100.54
20230420,4.9,4.3,5.2,4.273,3281150,1564146.0,16.55,-23.21,-1.3,21.1
20230421,4.669,4.801,4.969,4.4,1145979,543180.0,13.23,11.65,0.501,7.37
20230424,4.702,4.401,5.0,4.305,664758,305285.0,14.48,-8.33,-0.4,4.28
20230425,4.3,4.405,4.69,4.3,328068,147931.0,8.86,0.09,0.004,2.11
20230426,4.39,4.6,4.6,4.31,188380,83580.0,6.58,4.43,0.195,1.21
20230427,4.6,4.39,4.7,4.3,414250,181544.0,8.7,-4.57,-0.21,2.66
20230428,4.4,4.18,4.6,3.8,523791,214461.0,18.22,-4.78,-0.21,3.37
20230501,4.25,4.011,4.259,4.001,254205,105832.0,6.17,-4.04,-0.169,1.64
20230502,4.131,3.825,4.234,3.825,106181,42142.0,10.2,-4.64,-0.186,0.68
20230503,4.1,3.73,4.2,3.707,170610,66150.0,12.89,-2.48,-0.095,1.1
20230504,3.7,3.41,3.9,3.4,452442,161667.0,13.4,-8.58,-0.32,2.91
20230505,3.527,3.511,3.701,3.4,335673,117502.0,8.83,2.96,0.101,2.16
20230508,3.8,3.62,4.05,3.6,116574,43512.0,12.82,3.1,0.109,0.75
20230509,3.6,3.6,3.799,3.5,148468,53287.0,8.26,-0.55,-0.02,0.95
20230510,3.509,3.53,3.7,3.505,69884,24929.0,5.42,-1.94,-0.07,0.45
20230511,3.6,3.501,3.775,3.5,108811,39012.0,7.79,-0.82,-0.029,0.7
20230512,3.687,3.53,3.687,3.5,84382,30121.0,5.34,0.83,0.029,0.54
20230515,3.5,3.511,3.75,3.49,61297,22125.0,7.37,-0.54,-0.019,0.39
20230516,3.614,3.523,3.725,3.511,188256,68471.0,6.1,0.34,0.012,1.21
20230517,3.627,3.661,3.774,3.511,178450,65535.0,7.47,3.92,0.138,1.15
20230518,3.989,4.24,4.473,3.7,680565,280498.0,21.11,15.82,0.579,4.38
20230519,4.1,4.07,4.3,4.0,233596,97776.0,7.08,-4.01,-0.17,1.5
20230522,4.205,4.259,4.29,4.0,139475,58136.0,7.13,4.64,0.189,0.9
20230523,4.178,4.208,4.6,4.0,1375878,612359.0,14.09,-1.2,-0.051,8.85
20230524,4.4,4.155,4.473,4.099,464515,197686.0,8.89,-1.26,-0.053,2.99
20230525,4.4,3.999,4.4,3.701,174635,68931.0,16.82,-3.75,-0.156,1.12
20230526,3.7,4.1,4.3,3.7,213554,85240.0,15.0,2.53,0.101,1.37
20230530,4.1,3.703,4.261,3.703,222737,85909.0,13.61,-9.68,-0.397,1.43
20230531,3.821,3.917,4.013,3.8,129164,50279.0,5.75,5.78,0.214,0.83
20230601,4.0,3.9,4.284,3.7,101246,39500.0,14.91,-0.43,-0.017,0.65
20230602,4.062,3.951,4.062,3.815,109938,42564.0,6.33,1.31,0.051,0.71
20230605,3.951,3.81,4.1,3.81,79683,31156.0,7.34,-3.57,-0.141,0.51
20230606,3.85,3.816,4.0,3.8,129810,50187.0,5.25,0.16,0.006,0.83
20230607,4.0,3.989,4.0,3.801,187058,72985.0,5.21,4.53,0.173,1.2
20230608,3.998,4.099,4.25,3.802,179220,71010.0,11.23,2.76,0.11,1.15
20230609,4.098,4.25,4.31,3.921,132079,54660.0,9.49,3.68,0.151,0.85
20230612,4.231,4.0,4.231,3.94,204437,83106.0,6.85,-5.88,-0.25,1.31
20230613,4.11,4.011,4.199,3.91,133791,54671.0,7.23,0.28,0.011,0.86
20230614,4.174,4.98,5.445,4.174,4587200,2235372.0,31.69,24.16,0.969,29.51
20230615,4.88,4.088,4.9,4.001,1015277,444597.0,18.05,-17.91,-0.892,6.53
20230616,4.18,4.292,4.5,4.102,304041,132063.0,9.74,4.99,0.204,1.96
20230620,4.506,4.002,4.599,3.966,211418,87355.0,14.75,-6.76,-0.29,1.36
20230621,4.1,3.915,4.201,3.9,103003,41302.0,7.52,-2.17,-0.087,0.66
20230622,3.9,3.792,3.989,3.701,265098,100381.0,7.36,-3.14,-0.123,1.71
20230623,3.9,3.6,3.9,3.557,179321,66864.0,9.05,-5.06,-0.192,1.15
20230626,3.748,3.62,3.8,3.6,94604,34824.0,5.56,0.56,0.02,0.61
20230627,3.7,3.904,3.97,3.618,115053,43816.0,9.72,7.85,0.284,0.74
20230628,3.951,3.711,3.951,3.674,169976,64644.0,7.1,-4.94,-0.193,1.09
20230629,3.711,3.896,3.922,3.711,56900,21846.0,5.69,4.99,0.185,0.37
20230630,3.8,3.899,3.899,3.76,158693,61231.0,3.57,0.08,0.003,1.02
20230703,3.896,4.09,4.199,3.803,101081,41342.0,10.16,4.9,0.191,0.65
20230705,4.1,3.915,4.131,3.7,272008,104877.0,10.54,-4.28,-0.175,1.75
20230706,3.85,3.76,3.9,3.716,116586,43892.0,4.7,-3.96,-0.155,0.75
20230707,3.8,3.77,3.95,3.75,82258,31407.0,5.32,0.27,0.01,0.53
20230710,3.88,3.86,3.909,3.7,88291,33613.0,5.54,2.39,0.09,0.57
20230711,3.88,3.901,4.0,3.77,62828,24270.0,5.96,1.06,0.041,0.4
20230712,3.899,3.9,4.0,3.811,124725,48728.0,4.84,-0.03,-0.001,0.8
20230713,3.95,3.902,4.05,3.84,47343,18680.0,5.38,0.05,0.002,0.3
20230714,3.81,3.991,4.024,3.8,102288,40205.0,5.74,2.28,0.089,0.66
20230717,3.86,4.01,4.25,3.86,215166,88409.0,9.77,0.48,0.019,1.38
20230718,4.292,4.06,4.3,4.0,157100,64325.0,7.48,1.25,0.05,1.01
20230719,4.02,4.07,4.25,4.01,60580,24703.0,5.91,0.25,0.01,0.39
20230720,4.16,4.089,4.16,4.001,20864,8480.0,3.91,0.47,0.019,0.13
20230721,4.19,4.03,4.19,4.011,22219,9053.0,4.38,-1.44,-0.059,0.14
20230724,4.023,4.007,4.2,4.0,54839,22392.0,4.96,-0.57,-0.023,0.35
20230725,4.0,3.924,4.098,3.85,94150,36978.0,6.19,-2.07,-0.083,0.61
20230726,3.85,4.016,4.15,3.85,46582,18735.0,7.65,2.34,0.092,0.3
20230727,4.1,3.83,4.1,3.75,178579,69488.0,8.72,-4.63,-0.186,1.15
20230728,3.801,3.87,3.879,3.75,60619,23086.0,3.37,1.04,0.04,0.39
20230731,3.98,3.966,3.989,3.9,21530,8510.0,2.3,2.48,0.096,0.14
20230801,3.821,4.011,4.3,3.821,226483,93362.0,12.08,1.13,0.045,1.46
20230802,4.2,4.001,4.2,3.9,49283,19935.0,7.48,-0.25,-0.01,0.32
20230803,3.96,4.016,4.2,3.96,127082,51894.0,6.0,0.37,0.015,0.82
20230804,4.12,4.124,4.19,4.016,44126,18030.0,4.33,2.69,0.108,0.28
20230807,4.099,3.995,4.1,3.9,43948,17479.0,4.85,-3.13,-0.129,0.28
20230808,4.09,3.898,4.09,3.803,43481,16849.0,7.18,-2.43,-0.097,0.28
20230809,4.05,3.943,4.05,3.801,95664,36954.0,6.39,1.15,0.045,0.62
20230810,3.944,3.922,4.0,3.813,48566,18746.0,4.74,-0.53,-0.021,0.31
20230811,3.812,4.0,4.0,3.65,186420,69756.0,8.92,1.99,0.078,1.2
20230814,3.88,3.5,3.88,3.5,195619,70546.0,9.5,-12.5,-0.5,1.26
20230815,3.505,3.855,3.95,3.502,91804,33596.0,12.8,10.14,0.355,0.59
20230816,3.75,3.527,3.85,3.503,154389,55635.0,9.0,-8.51,-0.328,0.99
20230817,3.67,3.625,3.868,3.625,161934,59687.0,6.89,2.78,0.098,1.04
20230818,3.5,3.675,3.768,3.5,75016,26691.0,7.39,1.38,0.05,0.48
20230821,3.685,3.6,3.79,3.531,93456,33710.0,7.05,-2.04,-0.075,0.6
20230822,3.6,3.65,3.8,3.511,118754,43331.0,8.03,1.39,0.05,0.76
20230823,3.685,3.7,3.75,3.62,27753,10221.0,3.56,1.37,0.05,0.18
20230824,3.58,3.74,3.899,3.571,46107,16810.0,8.86,1.08,0.04,0.3
20230825,3.79,3.767,3.799,3.671,16243,6081.0,3.42,0.72,0.027,0.1
20230828,3.7,3.627,3.766,3.52,56723,20545.0,6.53,-3.72,-0.14,0.36
20230829,3.6,3.701,3.75,3.581,70384,25768.0,4.66,2.04,0.074,0.45
20230830,3.675,3.55,3.75,3.55,127238,45997.0,5.4,-4.08,-0.151,0.82
20230831,3.709,3.58,3.709,3.535,99758,35949.0,4.9,0.85,0.03,0.64
20230901,3.63,3.6,3.7,3.589,58078,21043.0,3.1,0.56,0.02,0.37
20230905,3.55,3.7,3.7,3.55,22342,8166.0,4.17,2.78,0.1,0.14
20230906,3.7,3.614,3.7,3.52,107556,38712.0,4.86,-2.32,-0.086,0.69
20230907,3.583,3.393,3.583,3.3,253013,86833.0,7.83,-6.12,-0.221,1.63
20230908,3.55,3.5,3.55,3.21,106524,35970.0,10.02,3.15,0.107,0.69
20230911,3.905,3.71,4.0,3.23,5025181,1788687.0,22.0,6.0,0.21,32.32
20230912,3.45,3.6,3.6,3.156,311721,103836.0,11.97,-2.96,-0.11,2.01
20230913,3.519,3.642,3.876,3.3,276344,99579.0,16.0,1.17,0.042,1.78
20230914,3.695,3.776,3.825,3.55,116764,43087.0,7.55,3.68,0.134,0.75
20230915,3.542,3.707,3.775,3.502,65241,23768.0,7.23,-1.83,-0.069,0.42
20230918,3.562,3.6,3.7,3.5,60684,21839.0,5.4,-2.89,-0.107,0.39
20230919,3.438,3.562,3.761,3.438,60683,21825.0,8.97,-1.06,-0.038,0.39
20230920,3.61,3.6,3.662,3.522,48637,17510.0,3.93,1.07,0.038,0.31
20230921,3.519,3.6,3.6,3.519,21116,7564.0,2.25,0.0,0.0,0.14
20230922,3.438,3.533,3.684,3.401,33983,11923.0,7.86,-1.86,-0.067,0.22
20230925,3.5,3.15,3.5,3.15,212250,70762.0,9.91,-10.84,-0.383,1.37
20230926,3.341,3.25,3.48,3.25,55431,18442.0,7.3,3.17,0.1,0.36
20230927,3.39,3.102,3.39,3.102,46170,14960.0,8.86,-4.55,-0.148,0.3
20230928,3.102,3.1,3.397,3.02,79683,25452.0,12.15,-0.06,-0.002,0.51
20230929,3.1,3.25,3.298,3.02,103445,32836.0,8.97,4.84,0.15,0.67
20231002,3.2,3.3,3.3,3.075,111323,35408.0,6.92,1.54,0.05,0.61
20231003,3.3,3.29,3.3,3.111,170820,54705.0,5.73,-0.3,-0.01,0.94
20231004,3.25,3.25,3.3,3.105,35352,11274.0,5.93,-1.22,-0.04,0.2
20231005,3.25,3.214,3.332,3.13,86303,27668.0,6.22,-1.11,-0.036,0.48
20231006,3.191,3.1,3.199,3.1,73957,23185.0,3.08,-3.55,-0.114,0.41
20231009,3.1,3.021,3.2,3.02,28161,8681.0,5.81,-2.55,-0.079,0.16
20231010,3.172,3.06,3.2,3.06,18112,5700.0,4.63,1.29,0.039,0.1
20231011,3.1,3.032,3.275,2.623,84081,25074.0,21.31,-0.92,-0.028,0.46
20231012,3.109,2.966,3.199,2.891,57294,17235.0,10.16,-2.18,-0.066,0.32
20231013,2.982,2.96,3.093,2.901,81436,24251.0,6.47,-0.2,-0.006,0.45
20231016,3.031,3.039,3.299,2.901,133608,41077.0,13.45,2.67,0.079,0.74
20231017,2.905,2.786,3.229,2.708,121988,35332.0,17.14,-8.33,-0.253,0.67
20231018,2.98,2.9,2.98,2.8,50183,14341.0,6.46,4.09,0.114,0.28
20231019,2.918,3.0,3.021,2.801,64991,18951.0,7.59,3.45,0.1,0.36
20231020,2.83,2.75,2.83,2.52,129141,34070.0,10.33,-8.33,-0.25,0.71
20231023,2.7,2.67,2.831,2.521,58247,15284.0,11.27,-2.91,-0.08,0.32
20231024,2.539,2.92,2.92,2.539,158349,42275.0,14.27,9.36,0.25,0.87
20231025,2.8,2.65,2.805,2.429,51766,13482.0,12.88,-9.25,-0.27,0.29
20231026,2.42,2.52,2.663,2.42,22967,5777.0,9.17,-4.91,-0.13,0.13
20231027,2.647,2.199,2.647,2.0,137177,30731.0,25.67,-12.74,-0.321,0.76
20231030,2.2,2.292,2.3,2.101,15182,3412.0,9.05,4.23,0.093,0.08
20231031,2.2,2.453,2.507,2.2,127665,31412.0,13.39,7.02,0.161,0.7
20231101,2.4,2.506,2.64,2.3,97955,23772.0,13.86,2.16,0.053,0.54
20231102,2.64,2.6,2.64,2.35,43149,10663.0,11.57,3.75,0.094,0.24
20231103,2.602,2.541,2.7,2.42,81652,20632.0,10.77,-2.27,-0.059,0.45
20231106,2.415,2.55,2.728,2.325,23789,5762.0,15.86,0.35,0.009,0.13
20231107,2.7,2.39,2.8,2.0,52051,12743.0,31.37,-6.27,-0.16,0.29
20231108,2.41,2.446,2.5,2.193,30484,7128.0,12.85,2.34,0.056,0.17
20231109,2.47,2.497,2.499,2.227,56248,13202.0,11.12,2.09,0.051,0.31
20231110,2.35,2.62,2.62,2.196,41830,10170.0,16.98,4.93,0.123,0.23
20231113,2.6,2.22,2.6,2.2,67873,16557.0,15.27,-15.27,-0.4,0.37
20231114,2.167,2.431,2.55,2.15,62959,14412.0,18.02,9.5,0.211,0.35
20231115,2.4,2.582,2.785,2.2,56013,13987.0,24.06,6.21,0.151,0.31
20231116,2.59,2.492,2.8,2.463,75585,20094.0,13.05,-3.49,-0.09,0.42
20231117,2.466,2.646,2.7,2.337,148604,37297.0,14.57,6.18,0.154,0.82
20231120,2.668,2.5,2.668,2.37,26207,6692.0,11.26,-5.52,-0.146,0.14
20231121,2.5,2.33,2.579,2.201,61546,14728.0,15.12,-6.8,-0.17,0.34
20231122,2.485,2.451,2.485,2.151,35343,8321.0,14.33,5.19,0.121,0.2
20231124,2.5,2.38,2.5,2.331,16335,3946.0,6.9,-2.9,-0.071,0.09
20231127,2.5,2.274,2.5,2.2,49505,11375.0,12.61,-4.45,-0.106,0.27
20231128,2.2,2.22,2.274,2.101,105423,23070.0,7.61,-2.37,-0.054,0.58
20231129,2.304,2.11,2.304,2.1,129332,28744.0,9.19,-4.95,-0.11,0.71
20231130,2.35,2.325,2.35,2.1,53552,11770.0,11.85,10.19,0.215,0.3
20231201,2.32,2.103,2.32,1.804,381231,76462.0,22.19,-9.55,-0.222,2.1
20231204,2.1,2.034,2.17,2.002,146504,30015.0,7.99,-3.28,-0.069,0.81
20231205,2.101,1.882,2.195,1.863,121766,23946.0,16.32,-7.47,-0.152,0.67
20231206,1.7,1.8,2.2,1.7,284029,52000.0,26.57,-4.36,-0.082,1.57
20231207,1.888,1.705,1.95,1.7,308531,55118.0,13.89,-5.28,-0.095,1.7
20231208,1.702,1.713,1.83,1.702,213471,37441.0,7.51,0.47,0.008,1.18
20231211,1.896,1.7,1.896,1.681,124052,21641.0,12.55,-0.76,-0.013,0.68
20231212,1.8,1.631,1.8,1.6,119305,19882.0,11.76,-4.06,-0.069,0.66
20231213,1.622,1.569,1.698,1.498,233897,36897.0,12.26,-3.8,-0.062,1.29
20231214,1.601,1.643,1.732,1.576,420222,67984.0,9.94,4.72,0.074,2.32
20231215,1.699,1.588,1.699,1.299,1001513,151819.0,24.35,-3.35,-0.055,5.53
20231218,1.46,1.4,1.542,1.33,105592,149322.0,13.35,-11.84,-0.188,5.83
20231219,1.44,1.44,1.65,1.44,44879,71157.0,15.0,2.86,0.04,2.48
20231220,1.45,1.64,1.64,1.42,72089,111068.0,15.28,13.89,0.2,3.98
20231221,1.59,1.4,1.59,1.32,74264,108851.0,16.46,-14.63,-0.24,4.1
20231222,1.4,1.32,1.4,1.28,71329,94329.0,8.57,-5.71,-0.08,3.94
20231226,1.41,1.3,1.43,1.3,42723,56703.0,9.85,-1.52,-0.02,2.36
20231227,1.44,1.59,1.85,1.37,1871197,3016272.0,36.92,22.31,0.29,103.29
20231228,1.74,1.61,1.75,1.41,966672,1522970.0,21.38,1.26,0.02,53.36
20231229,1.61,1.46,1.62,1.43,175180,262182.0,11.8,-9.32,-0.15,9.67
20240102,1.38,1.37,1.43,1.2,306538,402805.0,15.75,-6.16,-0.09,16.92
20240103,1.31,1.295,1.33,1.21,90355,114999.0,8.76,-5.47,-0.075,4.99
20240104,1.28,1.26,1.348,1.17,56008,71060.0,13.75,-2.7,-0.035,3.09
20240105,1.2,1.27,1.36,1.2,59338,76823.0,12.7,0.79,0.01,3.28
20240108,1.27,1.2,1.27,1.17,54223,65884.0,7.87,-5.51,-0.07,2.99
20240109,1.2,1.13,1.21,1.12,124688,144671.0,7.5,-5.83,-0.07,6.88
20240110,1.15,1.16,1.19,1.13,46101,53297.0,5.31,2.65,0.03,2.54
20240111,1.13,1.1,1.16,1.01,140687,151276.0,12.93,-5.17,-0.06,7.77
20240112,1.08,1.03,1.135,1.01,185048,193848.0,11.36,-6.36,-0.07,10.21
20240116,1.03,1.04,1.09,1.01,127671,133760.0,7.77,0.97,0.01,7.05
20240117,1.036,1.05,1.089,1.01,39174,40763.0,7.6,0.96,0.01,2.16
20240118,1.03,1.07,1.08,0.97,61467,63062.0,10.48,1.9,0.02,3.39
20240119,1.05,1.05,1.06,0.998,74165,76010.0,5.79,-1.87,-0.02,4.09
20240122,0.99,1.02,1.05,0.99,52275,53967.0,5.71,-2.86,-0.03,2.21
20240123,0.98,1.07,1.08,0.98,50643,52236.0,9.8,4.9,0.05,2.14
20240124,1.03,1.0,1.059,0.98,63430,64292.0,7.38,-6.54,-0.07,2.69
20240125,1.01,0.945,1.01,0.94,40154,39278.0,7.0,-5.5,-0.055,1.7
20240126,0.93,1.023,1.046,0.93,153366,151529.0,12.28,8.25,0.078,6.49
20240129,1.06,1.02,1.183,0.95,1259433,1358217.0,22.78,-0.29,-0.003,53.32
20240130,0.962,0.805,0.962,0.74,848959,690691.0,21.76,-21.08,-0.215,35.94
20240131,0.76,0.82,0.84,0.76,98855,80327.0,9.94,1.86,0.015,4.19
20240201,0.82,0.79,0.82,0.77,61048,48220.0,6.1,-3.66,-0.03,2.58
20240202,0.776,0.8,0.8,0.75,49812,38187.0,6.33,1.27,0.01,2.11
20240205,0.804,0.79,0.81,0.77,40760,32014.0,5.0,-1.25,-0.01,1.73
20240206,0.78,0.806,0.82,0.76,29452,23232.0,7.59,2.03,0.016,1.25
20240207,0.806,0.82,0.825,0.78,25335,20456.0,5.58,1.74,0.014,1.07
20240208,0.81,0.836,0.839,0.778,45964,37046.0,7.44,1.95,0.016,1.95
20240209,0.84,0.844,0.859,0.81,52451,43965.0,5.86,0.96,0.008,2.22
20240212,0.862,0.86,0.863,0.83,75924,64039.0,3.91,1.9,0.016,3.21
20240213,0.83,0.829,0.85,0.771,48912,39861.0,9.19,-3.6,-0.031,2.07
20240214,0.798,0.8,0.85,0.79,23890,19473.0,7.24,-3.5,-0.029,1.01
20240215,0.822,0.822,0.83,0.803,13044,10616.0,3.38,2.75,0.022,0.55
20240216,0.82,0.82,0.83,0.79,40502,32528.0,4.87,-0.24,-0.002,1.71
20240220,0.81,0.832,0.84,0.806,26832,22195.0,4.15,1.46,0.012,1.14
20240221,0.87,0.964,0.98,0.851,117265,107344.0,15.5,15.87,0.132,4.96
20240222,0.935,0.89,0.98,0.858,68397,61067.0,12.66,-7.68,-0.074,2.9
20240223,0.979,0.886,0.979,0.87,66977,61068.0,12.25,-0.45,-0.004,2.84
20240226,0.89,0.936,0.969,0.881,34061,31097.0,9.93,5.64,0.05,1.44
20240227,0.973,0.958,0.975,0.91,48020,45331.0,6.94,2.35,0.022,2.03
20240228,0.914,0.96,0.97,0.914,29288,27630.0,5.85,0.21,0.002,1.24
20240229,0.97,0.963,0.99,0.94,40285,39165.0,5.21,0.31,0.003,1.71
20240301,0.987,1.0,1.09,0.95,254739,262698.0,14.54,3.84,0.037,10.79
20240304,0.97,0.97,1.04,0.92,78277,76440.0,12.0,-3.0,-0.03,3.31
20240305,1.02,0.98,1.04,0.98,49984,51193.0,6.19,1.03,0.01,2.12
20240306,1.0,0.98,1.04,0.946,63027,62540.0,9.59,0.0,0.0,2.67
20240307,1.0,0.945,1.01,0.935,61315,58483.0,7.65,-3.57,-0.035,2.6
20240308,0.94,0.89,0.965,0.866,81093,73114.0,10.48,-5.82,-0.055,3.43
20240311,0.888,0.87,0.93,0.865,26465,23630.0,7.3,-2.25,-0.02,1.12
20240312,0.9,0.867,0.91,0.867,15547,13673.0,4.94,-0.34,-0.003,0.66
20240313,0.852,0.85,0.899,0.85,25536,21985.0,5.65,-1.96,-0.017,1.08
20240314,0.89,0.85,0.896,0.85,11221,9914.0,5.41,0.0,0.0,0.48
20240315,0.84,0.836,0.88,0.811,32537,27019.0,8.12,-1.65,-0.014,1.38
20240318,0.88,0.84,0.88,0.821,12673,10731.0,7.06,0.48,0.004,0.54
20240319,0.811,0.811,0.811,0.811,3092,2506.0,0.0,-3.45,-0.029,0.13
20240320,0.81,0.793,0.86,0.771,21208,17355.0,10.97,-2.22,-0.018,0.9
20240321,0.811,0.78,0.835,0.771,14700,12005.0,8.07,-1.64,-0.013,0.62
20240322,0.771,0.78,0.8,0.771,11056,8726.0,3.72,0.0,0.0,0.47
20240325,0.78,0.75,0.8,0.75,19740,15666.0,6.41,-3.85,-0.03,0.84
20240326,0.8,0.75,0.8,0.74,23253,17460.0,8.0,0.0,0.0,0.98
20240327,0.751,0.705,0.8,0.7,20817,15039.0,13.33,-6.0,-0.045,0.88
20240328,0.78,0.717,0.78,0.705,9360,6860.0,10.64,1.7,0.012,0.4
20240401,0.749,0.735,0.786,0.711,13018,9980.0,10.46,2.51,0.018,0.51
20240402,0.761,0.784,0.84,0.72,37617,29234.0,16.33,6.67,0.049,1.46
20240403,0.814,0.85,0.894,0.79,103043,87401.0,13.27,8.42,0.066,4.0
20240404,0.88,0.821,0.897,0.81,62550,52212.0,10.24,-3.41,-0.029,2.43
20240405,0.84,0.82,0.881,0.8,23366,18982.0,9.87,-0.12,-0.001,0.91
20240408,0.82,0.8,0.82,0.79,10866,8598.0,3.66,-2.44,-0.02,0.42
20240409,0.802,0.771,0.814,0.745,11078,8541.0,8.63,-3.63,-0.029,0.43
20240410,0.8,0.78,0.82,0.755,5140,4069.0,8.43,1.17,0.009,0.2
20240411,0.83,0.78,0.83,0.765,7306,5857.0,8.33,0.0,0.0,0.28
20240412,0.819,0.74,0.819,0.711,34166,25026.0,13.85,-5.13,-0.04,1.33
20240415,0.711,0.675,0.74,0.613,57610,37651.0,17.16,-8.78,-0.065,2.24
20240416,0.633,0.651,0.693,0.633,6249,4127.0,8.89,-3.56,-0.024,0.24
20240417,0.65,0.688,0.784,0.65,22319,15161.0,20.58,5.68,0.037,0.87
20240418,0.73,0.68,0.74,0.68,4818,3433.0,8.72,-1.16,-0.008,0.19
20240419,0.739,0.677,0.74,0.627,8234,5460.0,16.62,-0.44,-0.003,0.32
20240422,0.699,0.705,0.705,0.69,5284,3657.0,2.22,4.14,0.028,0.21
20240423,0.661,0.658,0.74,0.613,40051,25732.0,18.01,-6.67,-0.047,1.56
20240424,0.632,0.664,0.664,0.632,1895,1212.0,4.86,0.91,0.006,0.07
20240425,0.702,0.7,0.702,0.66,8496,5920.0,6.33,5.42,0.036,0.33
20240426,0.666,0.69,0.733,0.665,3036,2120.0,9.71,-1.43,-0.01,0.12
20240429,0.7,0.629,0.71,0.62,18360,11861.0,13.04,-8.84,-0.061,0.71
20240430,0.66,0.63,0.68,0.63,12793,8443.0,7.95,0.16,0.001,0.5
20240501,0.63,0.649,0.669,0.6,53836,33938.0,10.95,3.02,0.019,2.09
20240502,0.668,0.61,0.668,0.61,9446,6115.0,8.94,-6.01,-0.039,0.37
20240503,0.625,0.614,0.63,0.6,30984,19192.0,4.92,0.66,0.004,1.2
20240506,0.614,0.627,0.674,0.614,3675,2272.0,9.77,2.12,0.013,0.14
20240507,0.653,0.73,0.84,0.652,146630,109149.0,29.98,16.43,0.103,5.7
20240508,0.78,0.759,0.789,0.73,30666,23439.0,8.08,3.97,0.029,1.19
20240509,0.776,0.69,0.79,0.69,17006,12343.0,13.18,-9.09,-0.069,0.66
20240510,0.75,0.8,0.81,0.7,74039,58323.0,15.94,15.94,0.11,2.88
20240513,0.82,0.793,0.82,0.767,61468,48361.0,6.63,-0.88,-0.007,2.39
20240514,0.83,0.755,0.83,0.743,37238,28544.0,10.97,-4.79,-0.038,1.45
20240515,0.787,0.785,0.81,0.76,9026,6926.0,6.62,3.97,0.03,0.35
20240516,0.79,0.784,0.82,0.77,22778,17928.0,6.37,-0.13,-0.001,0.88
20240517,0.8,0.84,0.84,0.79,22162,18066.0,6.38,7.14,0.056,0.86
20240520,0.801,0.83,0.83,0.79,4487,3582.0,4.76,-1.19,-0.01,0.17
20240521,0.83,0.791,0.83,0.791,1821,1445.0,4.7,-4.7,-0.039,0.07
20240522,0.83,0.855,0.855,0.82,13234,11055.0,4.42,8.09,0.064,0.51
20240523,0.85,0.833,0.92,0.791,105229,93180.0,15.09,-2.57,-0.022,4.09
20240524,0.761,0.9,0.915,0.75,36744,31733.0,19.81,8.04,0.067,1.43
20240528,0.91,0.89,0.91,0.835,30026,25926.0,8.33,-1.11,-0.01,1.17
20240529,0.89,0.92,0.92,0.85,24770,22283.0,7.87,3.37,0.03,0.96
20240530,0.9,1.09,1.19,0.84,806470,863414.0,38.04,18.48,0.17,31.33
20240531,1.09,1.18,1.29,0.921,463096,519312.0,33.85,8.26,0.09,17.99
20240603,1.23,1.04,1.23,0.981,274474,289194.0,21.1,-11.86,-0.14,10.66
20240604,1.01,1.05,1.1,0.891,327307,326467.0,20.1,0.96,0.01,12.72
20240605,1.05,1.07,1.08,1.0,1246832,1311337.0,7.62,1.9,0.02,48.44
20240606,2.58,1.97,2.8,1.85,79771600,190317870.0,88.79,84.11,0.9,3099.25
20240607,1.81,1.97,2.11,1.69,2501275,4919687.0,21.32,0.0,0.0,97.18
20240610,1.65,1.93,2.0,1.58,861398,1505803.0,21.32,-2.03,-0.04,33.47
20240611,1.72,1.64,1.89,1.61,659254,1081176.0,14.51,-15.03,-0.29,25.61
20240612,1.61,1.68,1.9,1.53,319838,543624.0,22.56,2.44,0.04,12.43
20240613,1.61,1.73,1.8,1.595,480195,815594.0,12.2,2.98,0.05,18.66
20240614,1.7,1.81,1.91,1.63,504817,912873.0,16.18,4.62,0.08,19.61
20240617,1.77,1.72,1.82,1.65,114708,198558.0,9.39,-4.97,-0.09,4.46
20240618,1.71,1.72,1.77,1.65,272628,463526.0,6.98,0.0,0.0,10.59
20240620,1.66,1.72,1.83,1.66,135124,234450.0,9.88,0.0,0.0,5.25
20240621,1.75,1.5,1.76,1.49,195691,307492.0,15.7,-12.79,-0.22,7.6
20240624,1.42,1.29,1.45,1.24,186427,245619.0,14.0,-14.0,-0.21,7.24
20240625,1.3,1.33,1.386,1.29,44996,60343.0,7.44,3.1,0.04,1.75
20240626,1.37,1.23,1.422,1.2,71971,94290.0,16.69,-7.52,-0.1,2.8
20240627,1.2,1.18,1.28,1.09,111865,131637.0,15.45,-4.07,-0.05,4.35
20240628,1.15,1.16,1.18,1.1,41213,47157.0,6.78,-1.69,-0.02,1.6
20240701,1.13,1.1,1.19,1.1,43282,49464.0,7.76,-5.17,-0.06,1.68
20240702,1.07,1.1,1.15,1.07,34058,38095.0,7.27,0.0,0.0,1.32
20240703,1.07,1.1,1.14,1.07,73705,80634.0,6.36,0.0,0.0,2.86
20240705,1.28,1.22,1.36,1.16,132442,161159.0,18.18,10.91,0.12,5.15
20240708,1.2,1.2,1.26,1.11,101180,118276.0,12.3,-1.64,-0.02,3.93
20240709,1.23,1.12,1.23,1.11,59443,67471.0,10.0,-6.67,-0.08,2.31
20240710,1.11,1.09,1.15,1.05,90380,97937.0,8.93,-2.68,-0.03,3.51
20240711,1.08,1.14,1.17,1.08,71795,81223.0,8.26,4.59,0.05,2.79
20240712,1.13,1.13,1.18,1.05,102885,116500.0,11.4,-0.88,-0.01,4.0
20240715,1.14,1.13,1.16,1.095,44215,49802.0,5.75,0.0,0.0,1.72
20240716,1.1,1.28,1.28,1.07,255488,309969.0,18.58,13.27,0.15,9.93
20240717,1.24,1.23,1.3,1.17,83292,101924.0,10.16,-3.91,-0.05,3.24
20240718,1.26,1.15,1.28,1.11,35829,41960.0,13.82,-6.5,-0.08,1.39
20240719,1.15,1.17,1.22,1.1,140264,164590.0,10.43,1.74,0.02,5.45
20240722,1.15,1.13,1.35,1.11,276087,339556.0,20.51,-3.42,-0.04,10.73
20240723,1.169,1.18,1.341,1.11,247962,305904.0,20.44,4.42,0.05,9.63
20240724,1.17,1.1,1.21,1.1,35095,40100.0,9.32,-6.78,-0.08,1.36
20240725,1.13,1.17,1.24,0.962,308466,339070.0,25.27,6.36,0.07,11.98
20240726,1.17,1.37,1.38,1.14,237852,303323.0,20.51,17.09,0.2,9.24
20240729,1.38,1.27,1.38,1.24,66748,87358.0,10.22,-7.3,-0.1,2.59
20240730,1.24,1.25,1.36,1.23,37800,49277.0,10.24,-1.57,-0.02,1.47
20240731,1.25,1.245,1.265,1.23,14190,17693.0,2.8,-0.4,-0.005,0.55
20240801,1.23,1.13,1.65,1.11,356801,494461.0,43.37,-9.24,-0.115,13.86
20240802,1.2,1.13,1.3,1.1,229436,274188.0,17.7,0.0,0.0,8.91
20240805,1.01,1.07,1.36,0.954,343720,394351.0,35.93,-5.31,-0.06,13.35
20240806,1.05,1.03,1.17,0.99,41314,42546.0,16.82,-3.74,-0.04,1.61
20240807,1.1,1.09,1.17,1.0,285426,311922.0,16.5,5.83,0.06,11.09
20240808,1.08,1.08,1.11,1.04,27083,29297.0,6.42,-0.92,-0.01,1.05
20240809,1.05,1.16,1.18,1.05,219211,247980.0,12.04,7.41,0.08,8.52
20240812,1.2,1.36,1.43,1.1,146430,189739.0,28.45,17.24,0.2,5.69
20240813,1.35,1.3,1.36,1.22,164263,209069.0,10.29,-4.41,-0.06,6.38
20240814,1.3,1.73,1.9,1.18,4131777,6556247.0,55.38,33.08,0.43,160.53
20240815,1.59,1.39,1.64,1.33,1446172,2133731.0,17.92,-19.65,-0.34,56.19
20240816,1.4,2.13,2.3,1.4,8294498,15855746.0,64.75,53.24,0.74,322.25
20240819,5.02,5.15,9.0,4.31,94120629,584961744.0,220.19,141.78,3.02,3656.73
20240820,4.36,3.56,4.4,3.56,3979779,15526527.0,16.31,-30.87,-1.59,154.62
20240821,3.51,6.4,6.4,3.29,47258670,251845157.0,87.36,79.78,2.84,1461.73
20240822,5.87,5.18,6.75,4.88,11077021,62570097.0,29.22,-19.06,-1.22,342.62
20240823,5.8,5.45,6.22,5.2,7562517,43386427.0,19.69,5.21,0.27,174.17
20240826,5.22,4.61,5.29,4.2,4125467,19492461.0,20.0,-15.41,-0.84,95.01
20240827,4.41,4.89,4.92,4.32,1533244,7123077.0,13.02,6.07,0.28,35.31
20240828,6.25,4.87,7.63,4.8,67727290,447066240.0,57.87,-0.41,-0.02,1559.83
20240829,4.62,5.06,5.54,4.3,4859465,24252816.0,25.46,3.9,0.19,111.92
20240830,5.23,4.66,5.52,4.63,2165740,10694070.0,17.59,-7.91,-0.4,49.88
20240903,4.57,4.55,4.94,4.13,1668556,7622724.0,17.38,-2.36,-0.11,38.43
20240904,4.39,3.96,4.44,3.96,1108562,4621155.0,10.55,-12.97,-0.59,25.53
20240905,3.85,4.03,4.443,3.8,1873379,7707747.0,16.24,1.77,0.07,43.15
20240906,3.96,3.51,4.261,3.51,1526354,5787691.0,18.64,-12.9,-0.52,35.15
20240909,3.5,3.19,3.5,3.17,819853,2704685.0,9.4,-9.12,-0.32,18.88
20240910,3.13,3.0,3.18,2.84,856917,2562068.0,10.66,-5.96,-0.19,19.74
20240911,2.96,2.99,3.26,2.92,1028740,3158117.0,11.33,-0.33,-0.01,23.69
20240912,2.9,2.63,2.95,2.62,1116871,3030388.0,11.04,-12.04,-0.36,25.72
20240913,2.57,2.59,2.66,2.4,486499,1247592.0,9.89,-1.52,-0.04,11.2
20240916,3.51,2.84,3.549,2.675,14829639,43425120.0,33.75,9.65,0.25,341.54
20240917,2.72,2.87,3.02,2.53,1277590,3571244.0,17.25,1.06,0.03,29.42
20240918,2.85,2.69,2.93,2.68,322488,895033.0,8.71,-6.27,-0.18,7.43
20240919,2.69,2.53,2.69,2.46,860586,2195022.0,8.55,-5.95,-0.16,19.82
20240920,2.5,2.44,2.56,2.43,554530,1384073.0,5.14,-3.56,-0.09,12.77
20240923,2.44,2.23,2.51,2.22,426539,1001764.0,11.89,-8.61,-0.21,9.82
20240924,2.25,1.93,2.25,1.93,963707,2024806.0,14.35,-13.45,-0.3,22.2
20240925,1.89,1.99,2.04,1.84,320409,628791.0,10.36,3.11,0.06,7.38
20240926,1.95,1.93,2.04,1.88,366075,711393.0,8.04,-3.02,-0.06,8.43
20240927,1.93,1.94,2.01,1.89,248553,482064.0,6.22,0.52,0.01,5.72
20240930,1.92,1.94,2.0,1.88,241026,469708.0,6.19,0.0,0.0,5.55
20241001,1.89,1.62,1.96,1.59,466681,812578.0,19.07,-16.49,-0.32,10.75
20241002,1.54,1.85,2.169,1.53,1725896,3324642.0,39.44,14.2,0.23,39.75
20241003,1.82,1.95,2.06,1.77,433977,840312.0,15.68,5.41,0.1,9.99
20241004,2.04,1.94,2.04,1.81,244953,469227.0,11.79,-0.51,-0.01,5.64
20241007,1.91,1.76,1.92,1.75,136356,248517.0,8.76,-9.28,-0.18,3.14
20241008,1.75,1.71,1.9,1.7,311154,564993.0,11.36,-2.84,-0.05,7.17
20241009,1.67,1.79,1.87,1.67,280976,493905.0,11.7,4.68,0.08,6.47
20241010,1.78,1.79,1.86,1.715,134042,240586.0,8.1,0.0,0.0,3.09
20241011,1.76,1.79,1.82,1.69,105216,183515.0,7.26,0.0,0.0,2.42
20241014,1.8,1.81,1.93,1.785,110588,205135.0,8.1,1.12,0.02,2.55
20241015,1.82,1.7,1.84,1.68,160717,278407.0,8.84,-6.08,-0.11,3.7
20241016,1.67,1.61,1.68,1.59,177130,289054.0,5.29,-5.29,-0.09,4.08
20241017,1.59,1.56,1.645,1.48,214196,326624.0,10.25,-3.11,-0.05,4.93
20241018,1.58,1.53,1.586,1.46,121224,182966.0,8.08,-1.92,-0.03,2.79
20241021,1.51,1.63,1.69,1.5,248613,398354.0,12.42,6.54,0.1,5.73
20241022,1.69,1.68,1.89,1.66,507008,890633.0,14.11,3.07,0.05,11.68
20241023,3.33,2.52,3.62,2.36,90236324,266865274.0,75.0,50.0,0.84,2078.24
20241024,2.51,2.57,2.8,2.25,2805737,7138555.0,21.83,1.98,0.05,64.62
20241025,2.55,2.28,2.55,2.16,776309,1805859.0,15.18,-11.28,-0.29,17.88
20241028,2.29,2.21,2.34,2.16,275660,615627.0,7.89,-3.07,-0.07,6.35
20241029,2.29,2.18,2.29,2.13,341385,753095.0,7.24,-1.36,-0.03,7.86
20241030,2.13,2.24,2.48,2.13,604083,1397947.0,16.06,2.75,0.06,13.91
20241031,2.29,2.07,2.29,2.03,284387,599441.0,11.61,-7.59,-0.17,6.55
20241101,2.06,2.04,2.17,2.02,174595,367343.0,7.25,-1.45,-0.03,4.02
20241104,2.07,2.04,2.11,1.99,268629,548123.0,5.88,0.0,0.0,6.19
20241105,2.03,1.99,2.09,1.96,214731,434165.0,6.37,-2.45,-0.05,4.95
20241106,1.95,1.9,1.95,1.77,203657,384650.0,9.05,-4.52,-0.09,4.69
20241107,1.88,2.06,2.08,1.88,196646,395653.0,10.53,8.42,0.16,4.53
20241108,2.07,2.01,2.08,1.98,94400,192190.0,4.85,-2.43,-0.05,2.17
20241111,1.96,2.41,2.43,1.92,720616,1610792.0,25.37,19.9,0.4,16.6
20241112,2.46,2.14,2.5,2.04,403810,885486.0,19.09,-11.2,-0.27,9.3
20241113,2.13,1.94,2.13,1.94,166600,335801.0,8.88,-9.35,-0.2,3.84
20241114,1.93,1.9,2.0,1.87,90724,175573.0,6.7,-2.06,-0.04,2.09
20241115,1.86,1.79,1.943,1.77,95526,174254.0,9.11,-5.79,-0.11,2.2
20241118,1.81,1.88,2.03,1.76,672159,1306714.0,15.08,5.03,0.09,15.48
20241119,1.85,1.92,1.97,1.81,166136,318728.0,8.51,2.13,0.04,3.83
20241120,1.98,1.88,1.98,1.82,157688,295187.0,8.33,-2.08,-0.04,3.63
20241121,1.86,1.94,1.961,1.82,111451,210964.0,7.5,3.19,0.06,2.57
20241122,1.96,2.01,2.1,1.91,204149,412380.0,9.79,3.61,0.07,4.7
20241125,2.05,2.11,2.18,2.05,141797,300566.0,6.47,4.98,0.1,3.27
20241126,2.13,2.02,2.17,1.97,53570,109884.0,9.48,-4.27,-0.09,1.23
20241127,2.0,2.07,2.12,1.97,109423,223336.0,7.43,2.48,0.05,2.52
20241129,1.98,1.97,2.02,1.961,34010,67524.0,2.85,-4.83,-0.1,0.78
20241202,1.96,1.95,2.0,1.894,100502,195112.0,5.38,-1.02,-0.02,2.31
20241203,1.92,1.86,1.98,1.82,96006,182626.0,8.21,-4.62,-0.09,2.21
20241204,1.84,1.74,1.936,1.72,89939,160605.0,11.61,-6.45,-0.12,2.07
20241205,1.74,1.71,1.82,1.69,87108,152871.0,7.47,-1.72,-0.03,2.01
20241206,1.77,1.79,1.84,1.67,159784,286013.0,9.94,4.68,0.08,3.68
20241209,1.79,1.84,1.85,1.745,49725,90494.0,5.87,2.79,0.05,1.15
20241210,1.78,1.81,1.98,1.76,337106,629272.0,11.96,-1.63,-0.03,7.76
20241211,1.76,1.7,1.822,1.68,105857,182077.0,7.85,-6.08,-0.11,2.44
20241212,1.7,1.61,1.717,1.6,116017,191213.0,6.88,-5.29,-0.09,2.67
20241213,1.61,1.57,1.61,1.54,69742,109084.0,4.35,-2.48,-0.04,1.61
20241216,1.6,1.54,1.6,1.514,66761,103391.0,5.48,-1.91,-0.03,1.54
20241217,1.57,1.7,1.73,1.55,120729,197218.0,11.69,10.39,0.16,2.78
20241218,1.71,2.37,2.38,1.6,4015643,8375592.0,45.88,39.41,0.67,92.48
20241219,2.27,1.89,2.27,1.78,1048157,2070812.0,20.68,-20.25,-0.48,24.14
20241220,1.79,1.75,1.929,1.7,382140,693488.0,12.12,-7.41,-0.14,8.8
20241223,1.7,1.92,2.05,1.681,404628,765966.0,21.09,9.71,0.17,9.32
20241224,1.82,1.72,1.872,1.62,182795,319566.0,13.13,-10.42,-0.2,4.21
20241226,1.8,1.73,1.81,1.64,204843,349157.0,9.88,0.58,0.01,4.72
20241227,1.67,2.1,2.18,1.67,946423,1805063.0,29.48,21.39,0.37,21.8
20241230,2.29,2.06,2.31,1.826,642697,1308889.0,23.05,-1.9,-0.04,14.8
20241231,1.96,2.25,2.42,1.951,643040,1430344.0,22.77,9.22,0.19,14.81
20250102,2.26,2.21,2.26,2.07,302424,660131.0,8.44,-1.78,-0.04,6.97
20250103,2.26,2.43,2.729,2.26,972782,2438740.0,21.22,9.95,0.22,22.4
20250106,2.57,3.11,3.2,2.33,2175045,6172926.0,35.8,27.98,0.68,50.09
20250107,3.0,2.77,3.1,2.53,860609,2451801.0,18.33,-10.93,-0.34,19.82
20250108,2.73,2.34,2.73,2.14,352380,845177.0,21.3,-15.52,-0.43,8.12
20250110,2.38,2.42,2.47,2.21,125257,296203.0,11.11,3.42,0.08,2.88
20250113,2.42,2.38,2.61,2.3,351501,863153.0,12.81,-1.65,-0.04,8.1
20250114,2.45,2.29,2.52,2.19,191084,452102.0,13.87,-3.78,-0.09,4.4
20250115,2.2,2.07,2.458,2.0,292834,636831.0,20.0,-9.61,-0.22,6.74
20250116,2.06,2.14,2.17,1.85,268765,537977.0,15.46,3.38,0.07,6.19
20250117,2.3,2.18,2.33,2.11,266655,597169.0,10.28,1.87,0.04,6.14
20250121,2.21,2.09,2.22,2.03,123068,261583.0,8.72,-4.13,-0.09,2.83
20250122,2.1,2.14,2.33,2.1,97779,215773.0,11.0,2.39,0.05,2.25
20250123,2.08,2.07,2.198,2.06,126777,267974.0,6.45,-3.27,-0.07,2.92
20250124,2.16,2.13,2.16,1.99,170392,353476.0,8.21,2.9,0.06,3.92
20250127,2.1,2.07,2.198,2.05,172877,361804.0,6.95,-2.82,-0.06,3.98
20250128,2.15,2.05,2.15,1.99,54364,112194.0,7.73,-0.97,-0.02,1.25
20250129,2.04,1.92,2.09,1.87,130143,261462.0,10.73,-6.34,-0.13,3.0
20250130,1.92,1.69,2.007,1.55,363729,614078.0,23.8,-11.98,-0.23,8.38
20250131,1.72,1.69,1.746,1.6,119119,198270.0,8.64,0.0,0.0,2.74
20250203,1.66,1.67,1.85,1.56,129145,214271.0,17.16,-1.18,-0.02,2.97
20250204,1.67,1.67,1.7,1.61,37479,62038.0,5.39,0.0,0.0,0.86
20250205,1.67,1.75,1.86,1.67,370574,664306.0,11.38,4.79,0.08,8.53
20250206,1.75,1.8,1.83,1.69,113946,200107.0,8.0,2.86,0.05,2.62
20250207,1.79,1.71,2.29,1.582,1631397,3245683.0,39.33,-5.0,-0.09,37.57
20250210,1.63,1.62,1.83,1.6,420153,710824.0,13.45,-5.26,-0.09,9.68
20250211,1.83,1.89,1.92,1.76,754119,1390776.0,9.88,16.67,0.27,17.37
20250212,1.9,2.04,2.1,1.81,367278,735378.0,15.34,7.94,0.15,8.46
20250213,2.07,1.88,2.09,1.84,153947,295693.0,12.25,-7.84,-0.16,3.55
20250214,1.89,1.904,1.97,1.86,51199,98049.0,5.85,1.28,0.024,1.18
20250218,1.93,1.88,1.94,1.81,190622,358324.0,6.83,-1.26,-0.024,4.39
20250219,1.85,1.75,1.859,1.75,87197,158151.0,5.8,-6.91,-0.13,2.01
20250220,1.75,1.82,1.82,1.65,92251,163603.0,9.71,4.0,0.07,2.12
20250221,1.78,1.87,1.911,1.7,675265,1214851.0,11.59,2.75,0.05,15.55
20250224,1.95,1.73,1.95,1.6,367314,634365.0,18.72,-7.49,-0.14,8.46
20250225,1.73,1.69,1.75,1.62,108330,181535.0,7.51,-2.31,-0.04,2.49
20250226,1.7,1.73,1.815,1.65,212837,369764.0,9.76,2.37,0.04,4.9
20250227,1.72,1.71,1.85,1.68,205157,363361.0,9.83,-1.16,-0.02,4.72
20250228,1.73,1.67,1.75,1.65,54088,91713.0,5.85,-2.34,-0.04,1.25
20250303,1.68,1.59,1.84,1.59,209816,352803.0,14.97,-4.79,-0.08,4.83
20250304,1.58,1.47,1.626,1.441,140521,213314.0,11.64,-7.55,-0.12,3.24
20250305,1.47,1.36,1.5,1.33,216809,304185.0,11.56,-7.48,-0.11,4.99
20250306,1.29,1.36,1.4,1.22,164917,220307.0,13.24,0.0,0.0,3.8
20250307,1.36,1.4,1.45,1.325,93086,127369.0,9.19,2.94,0.04,2.14
20250310,1.45,1.365,1.52,1.35,228844,333630.0,12.14,-2.5,-0.035,5.27
20250311,1.41,1.48,1.52,1.41,259767,385189.0,8.06,8.42,0.115,5.98
20250312,1.47,1.472,1.51,1.47,102138,151014.0,2.7,-0.54,-0.008,2.35
20250313,1.467,1.29,1.58,1.26,329372,479238.0,21.74,-12.36,-0.182,7.59
20250314,1.3,1.37,1.42,1.3,103575,141044.0,9.3,6.2,0.08,2.39
20250317,1.38,1.28,1.43,1.25,275835,370332.0,13.14,-6.57,-0.09,6.35
20250318,1.28,1.26,1.34,1.25,98160,127475.0,7.03,-1.56,-0.02,2.26
20250319,1.26,1.23,1.27,1.22,86058,106031.0,3.97,-2.38,-0.03,1.98
20250320,1.23,1.27,1.27,1.21,21967,27023.0,4.88,3.25,0.04,0.51
20250321,1.25,1.22,1.29,1.2,42644,52877.0,7.09,-3.94,-0.05,0.98
20250324,1.27,1.28,1.29,1.23,52881,66855.0,4.92,4.92,0.06,1.22
20250325,1.31,1.29,1.349,1.27,112657,147510.0,6.17,0.78,0.01,2.59
20250326,1.321,1.27,1.35,1.255,43802,56912.0,7.36,-1.55,-0.02,1.01
20250327,1.299,1.24,1.299,1.22,41757,51932.0,6.22,-2.36,-0.03,0.96
20250328,1.265,1.16,1.29,1.1,154337,179383.0,15.32,-6.45,-0.08,3.55
20250331,1.24,1.14,1.24,1.14,67952,79310.0,8.62,-1.72,-0.02,1.57
20250401,1.12,1.098,1.136,1.07,185003,205105.0,5.79,-3.68,-0.042,4.26
20250402,1.1,1.14,1.14,1.07,61051,67863.0,6.38,3.83,0.042,1.41
20250403,1.1,1.03,1.1,1.01,105594,112280.0,7.89,-9.65,-0.11,2.43
20250404,1.0,0.976,1.04,0.914,63694,61412.0,12.23,-5.24,-0.054,1.47
20250407,0.888,0.92,0.96,0.849,87890,79863.0,11.37,-5.74,-0.056,2.02
20250408,0.9,0.876,0.98,0.865,66257,60896.0,12.5,-4.78,-0.044,1.53
20250409,0.85,0.881,0.881,0.82,50221,42654.0,6.96,0.57,0.005,1.16
20250410,0.891,0.877,0.933,0.853,30713,27387.0,9.08,-0.45,-0.004,0.71
20250411,0.939,1.11,1.34,0.937,4395600,5049034.0,45.95,26.57,0.233,101.24
20250414,1.05,1.02,1.07,0.99,262050,271466.0,7.21,-8.11,-0.09,6.04
20250415,0.97,1.06,1.09,0.97,80635,83501.0,11.76,3.92,0.04,1.86
20250416,1.03,1.03,1.05,1.0,36581,37655.0,4.72,-2.83,-0.03,0.84
20250417,1.035,0.994,1.05,0.95,185351,189157.0,9.71,-3.5,-0.036,4.27
20250421,0.974,0.913,1.016,0.91,38408,36168.0,10.66,-8.15,-0.081,0.88
20250422,0.93,0.959,0.978,0.912,34419,32622.0,7.23,5.04,0.046,0.79
20250423,0.98,1.02,1.042,0.964,49716,50210.0,8.13,6.36,0.061,1.15
20250424,1.01,1.09,1.09,1.01,48946,51880.0,7.84,6.86,0.07,1.13
20250425,1.06,1.05,1.07,1.04,27405,28740.0,2.75,-3.67,-0.04,0.63
20250428,1.09,1.11,1.13,1.06,68309,74299.0,6.67,5.71,0.06,1.57
20250429,1.08,1.04,1.08,1.028,28912,30632.0,4.68,-6.31,-0.07,0.67
20250430,1.05,0.98,1.05,0.98,62994,62884.0,6.73,-5.77,-0.06,1.45
20250501,0.99,0.98,1.08,0.98,366382,371334.0,10.2,0.0,0.0,8.44
20250502,0.98,1.015,1.04,0.98,33538,34272.0,6.12,3.57,0.035,0.77
20250505,1.005,1.015,1.04,0.99,24517,24741.0,4.93,0.0,0.0,0.56
20250506,0.995,1.01,1.07,0.995,7728,7910.0,7.39,-0.49,-0.005,0.18
20250507,1.02,1.03,1.04,1.0,15955,16247.0,3.96,1.98,0.02,0.37
20250508,1.01,1.06,1.08,1.01,73361,76564.0,6.8,2.91,0.03,1.69
20250509,1.066,1.05,1.066,1.039,16894,17794.0,2.55,-0.94,-0.01,0.39
20250512,1.06,1.07,1.08,1.03,20389,21376.0,4.76,1.9,0.02,0.47
20250513,1.05,1.055,1.1,1.05,68086,73203.0,4.67,-1.4,-0.015,1.57
20250514,1.08,1.085,1.2,1.06,278097,315385.0,13.27,2.84,0.03,6.4
20250515,1.095,1.06,1.11,1.06,77820,84149.0,4.61,-2.3,-0.025,1.79
20250516,1.05,1.08,1.08,0.97,107067,108463.0,10.38,1.89,0.02,2.47
20250519,1.064,1.071,1.095,1.06,31413,33990.0,3.24,-0.83,-0.009,0.72
20250520,1.05,1.095,1.11,1.05,46001,49845.0,5.6,2.24,0.024,1.06
20250521,1.149,1.04,1.19,1.02,112391,125084.0,15.53,-5.02,-0.055,2.59
20250522,1.03,1.0,1.03,1.0,46454,46802.0,2.88,-3.85,-0.04,1.07
20250523,0.99,1.02,1.05,0.99,28875,29143.0,6.0,2.0,0.02,0.67
20250527,1.02,1.05,1.13,1.007,115816,124253.0,12.06,2.94,0.03,2.67
20250528,0.98,0.974,1.055,0.938,109808,108172.0,11.14,-7.24,-0.076,2.53
20250529,0.974,0.958,1.04,0.925,33845,32348.0,11.81,-1.64,-0.016,0.78
20250530,0.96,0.963,0.995,0.93,28919,27723.0,6.78,0.52,0.005,0.67
20250602,0.98,0.98,0.996,0.91,46995,44628.0,8.93,1.77,0.017,1.08
20250603,0.97,1.0,1.03,0.967,40893,40488.0,6.43,2.04,0.02,0.94
20250604,0.991,0.95,0.991,0.95,26321,25576.0,4.1,-5.0,-0.05,0.61
20250605,0.969,0.971,0.994,0.95,32074,31326.0,4.63,2.21,0.021,0.74
20250606,0.97,0.979,1.0,0.95,12387,11993.0,5.15,0.82,0.008,0.29
20250609,0.96,1.01,1.02,0.95,53842,53366.0,7.15,3.17,0.031,1.24
20250610,1.01,1.0,1.04,0.981,29296,29673.0,5.84,-0.99,-0.01,0.67
20250611,0.99,0.975,1.02,0.975,32245,32244.0,4.5,-2.5,-0.025,0.74
20250612,1.0,0.96,1.01,0.96,37290,36418.0,5.13,-1.54,-0.015,0.86
20250613,0.96,0.883,0.96,0.851,74964,66670.0,11.35,-8.02,-0.077,1.73
20250616,0.89,0.87,0.925,0.866,52333,45901.0,6.68,-1.47,-0.013,1.21
20250617,0.87,0.82,0.87,0.81,46761,39499.0,6.9,-5.75,-0.05,1.08
20250618,0.82,0.82,0.82,0.8,33452,27027.0,2.44,0.0,0.0,0.77
20250620,0.807,0.794,0.845,0.757,31989,25400.0,10.73,-3.17,-0.026,0.74
20250623,0.766,0.76,0.82,0.751,22778,17536.0,8.69,-4.28,-0.034,0.52
20250624,0.791,0.802,0.83,0.778,36848,29475.0,6.84,5.53,0.042,0.85
20250625,0.833,0.76,0.851,0.751,37692,29729.0,12.47,-5.24,-0.042,0.87
20250626,0.816,0.77,0.855,0.761,27305,21346.0,12.37,1.32,0.01,0.63
20250627,0.77,0.78,0.849,0.752,39145,30915.0,12.6,1.3,0.01,0.9
20250630,0.78,0.792,0.82,0.739,91420,72104.0,10.38,1.54,0.012,2.11
20250701,0.786,0.84,0.85,0.77,31039,25343.0,10.1,6.06,0.048,0.71
20250702,0.839,0.86,0.879,0.829,12520,10668.0,5.95,2.38,0.02,0.29
20250703,0.87,0.85,0.87,0.85,8750,7542.0,2.33,-1.16,-0.01,0.2
20250707,0.85,0.86,0.883,0.84,82494,70901.0,5.06,1.18,0.01,1.9
20250708,0.85,0.866,0.883,0.85,20701,18163.0,3.84,0.7,0.006,0.48
20250709,0.878,0.924,0.99,0.86,179546,163170.0,15.01,6.7,0.058,4.14
20250710,0.93,0.89,0.95,0.89,36800,33891.0,6.49,-3.68,-0.034,0.85
20250711,0.85,0.9,0.975,0.85,211009,192926.0,14.04,1.12,0.01,4.86
20250714,0.897,0.926,0.98,0.85,309230,285040.0,14.44,2.89,0.026,7.12
20250715,0.94,0.87,0.94,0.87,37115,33604.0,7.56,-6.05,-0.056,0.85
20250716,0.879,0.921,1.05,0.861,360310,328305.0,21.72,5.86,0.051,8.3
20250717,0.95,0.92,0.96,0.87,69058,64908.0,9.77,-0.11,-0.001,1.59
20250718,0.95,0.961,1.04,0.931,372057,363185.0,11.85,4.46,0.041,8.57
20250721,1.01,1.11,1.14,0.97,299788,319201.0,17.69,15.5,0.149,6.9
20250722,1.08,1.015,1.1,0.971,225108,233352.0,11.62,-8.56,-0.095,5.18
20250723,1.03,0.996,1.05,0.995,89311,90912.0,5.42,-1.87,-0.019,2.06
20250724,0.995,1.03,1.1,0.99,354957,373673.0,11.04,3.41,0.034,8.18
20250725,0.996,0.989,1.03,0.97,158042,157246.0,5.83,-3.98,-0.041,3.64
20250728,1.0,0.953,1.03,0.95,150483,147930.0,8.09,-3.64,-0.036,3.47
20250729,0.985,0.927,0.992,0.92,38646,36421.0,7.56,-2.73,-0.026,0.89
20250730,0.913,0.884,0.99,0.88,310844,289132.0,11.87,-4.64,-0.043,7.16
20250731,0.98,0.81,1.0,0.781,552568,472598.0,24.77,-8.37,-0.074,12.73
20250801,0.81,0.845,0.88,0.81,77633,65320.0,8.64,4.32,0.035,1.79
20250804,0.887,0.83,0.899,0.825,36870,31862.0,8.76,-1.78,-0.015,0.85
20250805,0.85,0.777,0.85,0.75,60294,48120.0,12.05,-6.39,-0.053,1.39
20250806,0.77,0.785,0.82,0.77,62658,48810.0,6.44,1.03,0.008,1.44
20250807,0.792,0.79,0.798,0.79,12962,10288.0,1.02,0.64,0.005,0.3
20250808,0.81,0.784,0.81,0.776,23570,18619.0,4.3,-0.76,-0.006,0.54
20250811,0.775,0.76,0.8,0.76,18282,14260.0,5.1,-3.06,-0.024,0.42
20250812,0.76,0.776,0.79,0.75,40771,31262.0,5.26,2.11,0.016,0.94
20250813,0.78,0.75,0.78,0.722,63620,47446.0,7.47,-3.35,-0.026,1.47
20250814,0.75,0.738,0.8,0.734,45788,35281.0,8.8,-1.6,-0.012,1.05
20250815,0.76,0.775,0.795,0.74,23349,17674.0,7.45,5.01,0.037,0.54
20250818,0.75,0.783,0.79,0.741,13114,10122.0,6.32,1.03,0.008,0.3
20250819,0.772,0.775,0.795,0.76,20591,16028.0,4.47,-1.02,-0.008,0.47
20250820,0.801,0.765,0.801,0.76,5589,4306.0,5.29,-1.29,-0.01,0.13
20250821,0.76,0.741,0.765,0.74,19318,14475.0,3.27,-3.14,-0.024,0.44
20250822,0.76,0.765,0.78,0.751,17742,13537.0,3.91,3.24,0.024,0.41
20250825,0.75,0.774,0.774,0.75,15436,11741.0,3.14,1.18,0.009,0.36
20250826,0.768,0.633,0.77,0.611,24055200,22474932.0,20.54,-18.22,-0.141,554.02
20250827,0.6,0.595,0.614,0.59,742153,444101.0,3.79,-6.0,-0.038,17.09
20250828,0.59,0.615,0.629,0.563,578689,350814.0,11.09,3.36,0.02,13.33
20250829,0.616,0.606,0.624,0.595,262078,158197.0,4.72,-1.46,-0.009,6.04
