trade_date,open,close,high,low,volume,amount,amplitude,pct_change,change,turnover_rate
20220215,18.992,18.962,19.042,18.962,503,12599.0,0.42,-0.16,-0.03,0.0
20220216,19.11,19.07,19.11,19.07,144761,3646529.0,0.21,0.57,0.108,0.0
20220217,19.171,19.033,19.171,19.011,146776,3684898.0,0.84,-0.19,-0.037,0.0
20220218,19.027,19.085,19.125,19.019,3122,78491.0,0.56,0.27,0.052,0.0
20220222,19.125,19.034,19.125,18.996,1997,50196.0,0.68,-0.27,-0.051,0.0
20220223,19.011,18.966,19.087,18.966,1316,33027.0,0.64,-0.36,-0.068,0.0
20220224,19.133,19.071,19.133,19.011,1439,36152.0,0.64,0.55,0.105,0.0
20220225,19.065,19.178,19.193,19.065,152001,3831667.0,0.67,0.56,0.107,0.0
20220228,19.108,19.145,19.186,19.108,150339,3794942.0,0.41,-0.17,-0.033,0.0
20220301,19.224,19.16,19.224,19.16,172767,4365652.0,0.33,0.08,0.015,0.0
20220302,19.216,19.182,19.216,19.182,318,8046.0,0.18,0.11,0.022,0.0
20220303,19.269,19.16,19.269,19.16,141450,3583158.0,0.57,-0.11,-0.022,0.0
20220304,19.087,19.122,19.14,19.087,1126,28379.0,0.28,-0.2,-0.038,0.0
20220307,19.027,18.997,19.08,18.997,12802,321193.0,0.43,-0.65,-0.125,0.0
20220308,18.973,18.805,18.973,18.761,5763,143215.0,1.12,-1.01,-0.192,0.0
20220309,18.814,18.867,18.879,18.814,595,14777.0,0.35,0.33,0.062,0.0
20220310,18.708,18.7,18.731,18.681,6818,168164.0,0.27,-0.89,-0.167,0.0
20220311,18.66,18.616,18.674,18.616,3658,89990.0,0.31,-0.45,-0.084,0.0
20220314,18.632,18.522,18.64,18.522,3688,90441.0,0.63,-0.5,-0.094,0.0
20220315,18.64,18.617,18.64,18.549,5705,139939.0,0.49,0.51,0.095,0.0
20220316,18.746,18.721,18.852,18.57,44151,1085001.0,1.51,0.56,0.104,0.0
20220317,18.723,18.801,18.801,18.723,2457,60710.0,0.42,0.43,0.08,0.0
20220318,18.761,18.814,18.86,18.761,3711,92019.0,0.53,0.07,0.013,0.0
20220321,18.875,18.716,18.882,18.67,1660,41073.0,1.13,-0.52,-0.098,0.0
20220322,18.662,18.7,18.716,18.64,1615,39782.0,0.41,-0.09,-0.016,0.0
20220323,18.632,18.613,18.678,18.613,550,13524.0,0.35,-0.47,-0.087,0.0
20220324,18.587,18.602,18.602,18.564,1393,34099.0,0.2,-0.06,-0.011,0.0
20220325,18.564,18.435,18.564,18.435,7799,190733.0,0.69,-0.9,-0.167,0.0
20220328,18.498,18.551,18.551,18.498,543,13234.0,0.29,0.63,0.116,0.0
20220329,18.665,18.878,18.878,18.665,3718,91806.0,1.15,1.76,0.327,0.0
20220330,18.787,18.833,18.833,18.779,8473,209326.0,0.29,-0.24,-0.045,0.0
20220331,18.793,18.735,18.793,18.735,535,13210.0,0.31,-0.52,-0.098,0.0
20220401,18.726,18.726,18.726,18.726,287,7065.0,0.0,-0.05,-0.009,0.0
20220404,18.787,18.824,18.84,18.757,3970,98155.0,0.44,0.52,0.098,0.0
20220405,18.764,18.703,18.764,18.703,286,7041.0,0.32,-0.64,-0.121,0.0
20220406,18.665,18.65,18.665,18.65,456,11183.0,0.08,-0.28,-0.053,0.0
20220407,18.677,18.618,18.677,18.618,142,3486.0,0.32,-0.17,-0.032,0.0
20220408,18.49,18.49,18.49,18.49,27,656.0,0.0,-0.69,-0.128,0.0
20220411,18.422,18.366,18.422,18.366,852,20633.0,0.3,-0.67,-0.124,0.0
20220412,18.408,18.408,18.408,18.408,114,2759.0,0.0,0.23,0.042,0.0
20220413,18.46,18.483,18.483,18.445,2204,53515.0,0.21,0.41,0.075,0.0
20220414,18.49,18.306,18.49,18.306,5000,120751.0,1.0,-0.96,-0.177,0.0
20220418,18.293,18.274,18.293,18.27,3143,75503.0,0.13,-0.17,-0.032,0.0
20220419,18.285,18.3,18.3,18.277,4531,108941.0,0.13,0.14,0.026,0.0
20220420,18.331,18.381,18.381,18.331,183,4410.0,0.27,0.44,0.081,0.0
20220421,18.273,18.278,18.278,18.255,1850,44427.0,0.13,-0.56,-0.103,0.0
20220422,18.255,18.159,18.255,18.156,4252,101931.0,0.54,-0.65,-0.119,0.0
20220425,18.156,18.323,18.331,18.11,6646,159046.0,1.22,0.9,0.164,0.0
20220426,18.254,18.246,18.261,18.234,2725,65172.0,0.15,-0.42,-0.077,0.0
20220427,18.765,18.124,18.765,18.101,27702,669879.0,3.64,-0.67,-0.122,0.0
20220428,18.269,18.292,18.292,18.269,522,12499.0,0.13,0.93,0.168,0.0
20220429,18.032,18.002,18.04,17.979,4653,109791.0,0.33,-1.59,-0.29,0.0
20220502,18.299,17.872,18.299,17.872,2632,61819.0,2.37,-0.72,-0.13,0.0
20220503,17.896,17.914,17.948,17.896,13709,322074.0,0.29,0.24,0.042,0.0
20220504,17.956,18.15,18.2,17.956,908,21595.0,1.36,1.32,0.236,0.0
20220505,17.841,17.887,17.887,17.841,2679,62675.0,0.25,-1.45,-0.263,0.0
20220506,17.757,17.811,17.811,17.731,2302,53625.0,0.45,-0.42,-0.076,0.0
20220509,17.695,17.757,17.773,17.695,35005,813329.0,0.44,-0.3,-0.054,0.0
20220510,17.739,17.739,17.739,17.739,66,1533.0,0.0,-0.1,-0.018,0.0
20220511,17.765,17.765,17.765,17.765,212,4933.0,0.0,0.15,0.026,0.0
20220512,17.689,17.622,17.689,17.582,25547,589499.0,0.6,-0.8,-0.143,0.0
20220513,17.574,17.62,17.658,17.574,26800,618585.0,0.48,-0.01,-0.002,0.0
20220516,17.635,17.591,17.635,17.591,366,8454.0,0.25,-0.16,-0.029,0.0
20220517,17.521,17.489,17.536,17.489,7828,179570.0,0.27,-0.58,-0.102,0.0
20220518,17.414,17.452,17.742,17.414,43918,1002377.0,1.88,-0.21,-0.037,0.0
20220519,17.437,17.501,17.505,17.393,658,15031.0,0.64,0.28,0.049,0.0
20220520,17.498,17.551,17.551,17.49,80948,1856303.0,0.35,0.29,0.05,0.0
20220523,17.597,17.605,17.605,17.582,3736,86083.0,0.13,0.31,0.054,0.0
20220524,17.635,17.811,17.811,17.624,14615,340140.0,1.06,1.17,0.206,0.0
20220525,17.882,17.989,17.989,17.798,39324,920673.0,1.07,1.0,0.178,0.0
20220526,18.089,18.139,18.167,18.045,13193,311505.0,0.68,0.83,0.15,0.0
20220527,18.204,18.259,18.296,18.166,5506,130808.0,0.72,0.66,0.12,0.0
20220531,18.127,18.166,18.173,18.074,30348,718242.0,0.54,-0.51,-0.093,0.0
20220601,18.112,18.027,18.12,18.027,8383,197889.0,0.51,-0.77,-0.139,0.0
20220602,18.035,18.181,18.181,18.035,12263,289738.0,0.81,0.85,0.154,0.0
20220603,18.035,17.943,18.035,17.943,133441,3133612.0,0.51,-1.31,-0.238,0.0
20220606,18.051,17.913,18.051,17.897,9997,233871.0,0.86,-0.17,-0.03,0.0
20220607,17.845,17.985,18.154,17.845,4532,106361.0,1.73,0.4,0.072,0.0
20220608,17.828,17.746,17.828,17.736,17968,416700.0,0.51,-1.33,-0.239,0.0
20220609,17.936,17.632,17.936,17.621,6687,154837.0,1.78,-0.64,-0.114,0.0
20220610,17.468,17.292,17.468,17.292,21572,489081.0,1.0,-1.93,-0.34,0.0
20220613,16.947,16.906,17.054,16.824,14096,311383.0,1.33,-2.23,-0.386,0.0
20220614,16.954,16.908,16.954,16.908,4113,90749.0,0.27,0.01,0.002,0.0
20220615,17.092,17.219,17.265,17.092,99668,2234741.0,1.02,1.84,0.311,0.0
20220616,17.092,17.146,17.146,17.054,18448,411693.0,0.53,-0.42,-0.073,0.0
20220617,17.138,17.115,17.138,17.046,1151,25657.0,0.54,-0.18,-0.031,0.0
20220621,17.138,16.97,17.161,16.97,41673,929785.0,1.12,-0.85,-0.145,0.0
20220622,17.016,17.101,17.123,17.0,3515,78228.0,0.72,0.77,0.131,0.0
20220623,17.23,17.376,17.376,17.207,19964,449374.0,0.99,1.61,0.275,0.0
20220624,17.345,17.368,17.368,17.307,8837,199831.0,0.35,-0.05,-0.008,0.0
20220627,17.296,17.257,17.296,17.242,5073,113744.0,0.31,-0.64,-0.111,0.0
20220628,17.096,17.065,17.134,17.057,4245,94140.0,0.45,-1.11,-0.192,0.0
20220629,17.065,17.111,17.111,17.019,6420,142394.0,0.54,0.27,0.046,0.0
20220630,17.094,17.137,17.18,17.094,3573,79642.0,0.5,0.15,0.026,0.0
20220701,17.273,17.334,17.334,17.273,3680,82804.0,0.36,1.15,0.197,0.0
20220705,16.472,17.219,17.257,16.472,3618,80676.0,4.53,-0.66,-0.115,0.0
20220706,17.296,17.288,17.296,17.18,1926,43178.0,0.67,0.4,0.069,0.0
20220707,17.374,17.373,17.481,17.348,29666,670104.0,0.77,0.49,0.085,0.0
20220708,17.335,17.462,17.481,17.334,4507,102169.0,0.85,0.51,0.089,0.0
20220711,17.334,17.542,17.565,17.334,2277,51718.0,1.32,0.46,0.08,0.0
20220712,17.465,17.488,17.488,17.438,13455,304921.0,0.29,-0.31,-0.054,0.0
20220713,17.396,17.381,17.396,17.334,1629,36748.0,0.35,-0.61,-0.107,0.0
20220714,17.228,17.465,17.465,17.204,6176,139328.0,1.5,0.48,0.084,0.0
20220715,17.627,17.766,17.766,17.627,2642,60661.0,0.8,1.72,0.301,0.0
20220718,17.789,17.375,17.789,17.375,2092,47562.0,2.33,-2.2,-0.391,0.0
20220719,17.576,17.576,17.576,17.576,250,5705.0,0.0,1.16,0.201,0.0
20220720,17.681,17.666,17.681,17.666,1564,35904.0,0.09,0.51,0.09,0.0
20220721,17.681,17.865,17.865,17.681,2305,53041.0,1.04,1.13,0.199,0.0
20220722,17.997,17.835,18.004,17.835,15589,363189.0,0.95,-0.17,-0.03,0.0
20220725,18.074,17.912,19.783,17.881,3991,94061.0,10.66,0.43,0.077,0.0
20220726,17.797,17.763,17.843,17.735,8368,192681.0,0.6,-0.83,-0.149,0.0
20220727,17.844,17.874,17.959,17.844,5990,138936.0,0.65,0.62,0.111,0.0
20220728,18.102,18.082,18.144,18.082,82847,1942069.0,0.35,1.16,0.208,0.0
20220729,18.194,18.26,18.26,18.183,46045,1088139.0,0.43,0.98,0.178,0.0
20220801,18.26,18.183,18.26,18.183,1135,26762.0,0.42,-0.42,-0.077,0.0
20220802,18.213,18.049,18.213,18.049,2308,54180.0,0.9,-0.74,-0.134,0.0
20220803,18.036,18.198,18.198,18.036,5088,119794.0,0.9,0.83,0.149,0.0
20220804,18.19,18.206,18.221,18.167,3684,86833.0,0.3,0.04,0.008,0.0
20220805,18.051,18.121,18.121,17.982,1991,46575.0,0.76,-0.47,-0.085,0.0
20220808,18.104,17.974,18.136,17.974,18251,427145.0,0.89,-0.81,-0.147,0.0
20220809,18.005,17.943,18.051,17.943,29635,691105.0,0.6,-0.17,-0.031,0.0
20220810,18.144,18.221,18.221,18.113,4467,105010.0,0.6,1.55,0.278,0.0
20220811,18.229,18.098,18.229,18.044,9724,228194.0,1.02,-0.68,-0.123,0.0
20220812,18.129,18.202,18.244,18.129,17369,407997.0,0.64,0.57,0.104,0.0
20220815,18.26,18.152,18.26,18.152,6370,150187.0,0.59,-0.27,-0.05,0.0
20220816,16.924,18.086,18.118,16.924,4441,103151.0,6.58,-0.36,-0.066,0.0
20220817,17.994,18.026,18.075,17.959,24349,568909.0,0.64,-0.33,-0.06,0.0
20220818,18.013,18.044,18.044,18.009,441,10293.0,0.19,0.1,0.018,0.0
20220819,17.835,17.789,17.881,17.789,6656,153791.0,0.51,-1.41,-0.255,0.0
20220822,17.727,17.714,17.735,17.714,3457,79398.0,0.12,-0.42,-0.075,0.0
20220823,17.67,17.651,17.712,17.651,3548,81336.0,0.34,-0.36,-0.063,0.0
20220824,17.696,17.652,17.696,17.652,368,8434.0,0.25,0.01,0.001,0.0
20220825,17.712,17.704,17.727,17.704,2831,64967.0,0.13,0.29,0.052,0.0
20220826,17.594,17.448,17.594,17.448,6942,156613.0,0.82,-1.45,-0.256,0.0
20220829,17.409,17.439,17.439,17.401,1230,27604.0,0.22,-0.05,-0.009,0.0
20220830,17.381,17.355,17.456,17.347,2511,56324.0,0.63,-0.48,-0.084,0.0
20220831,17.332,17.277,17.409,17.239,11650,259654.0,0.98,-0.45,-0.078,0.0
20220901,17.316,17.417,17.417,17.293,32269,722690.0,0.72,0.81,0.14,0.0
20220902,17.549,17.34,17.549,17.34,6766,151891.0,1.2,-0.44,-0.077,0.0
20220906,17.347,17.354,17.394,17.347,5096,114160.0,0.27,0.08,0.014,0.0
20220907,17.51,17.58,17.58,17.494,6295,142224.0,0.5,1.3,0.226,0.0
20220908,17.611,17.61,17.626,17.61,398,9044.0,0.09,0.17,0.03,0.0
20220909,17.626,17.638,17.65,17.564,1555,35300.0,0.49,0.16,0.028,0.0
20220912,17.812,17.598,17.812,17.572,1333,30336.0,1.36,-0.23,-0.04,0.0
20220913,17.355,17.391,17.391,17.308,759,16972.0,0.47,-1.18,-0.207,0.0
20220914,17.464,17.353,17.518,17.285,123243,2778939.0,1.34,-0.22,-0.038,0.0
20220915,17.208,17.21,17.285,17.161,2173,48251.0,0.71,-0.82,-0.143,0.0
20220916,17.297,17.239,17.355,17.239,4919,109862.0,0.67,0.17,0.029,0.0
20220919,17.316,17.246,17.316,17.246,5434,121000.0,0.41,0.04,0.007,0.0
20220920,17.227,17.115,17.227,17.115,9491,210043.0,0.65,-0.76,-0.131,0.0
20220921,17.285,17.316,17.316,17.27,1124,25069.0,0.27,1.17,0.201,0.0
20220922,17.107,17.148,17.148,17.107,228,5029.0,0.24,-0.97,-0.168,0.0
20220923,17.182,17.06,17.231,17.06,13217,291428.0,1.0,-0.51,-0.088,0.0
20220926,17.045,16.952,17.045,16.952,3666,80314.0,0.55,-0.63,-0.108,0.0
20220927,16.983,16.965,17.007,16.913,7285,158233.0,0.55,0.08,0.013,0.0
20220928,17.022,17.085,17.085,17.022,858,18754.0,0.37,0.71,0.12,0.0
20220929,17.084,17.131,17.131,17.006,16763,366929.0,0.73,0.27,0.046,0.0
20220930,17.048,17.048,17.048,17.048,66,1444.0,0.0,-0.48,-0.083,0.0
20221003,17.139,17.131,17.154,17.045,2876,63237.0,0.64,0.49,0.083,0.0
20221004,17.17,17.241,17.271,17.146,6958,153635.0,0.73,0.64,0.11,0.0
20221005,17.139,17.24,17.248,17.076,15202,335305.0,1.0,-0.01,-0.001,0.0
20221006,17.357,17.089,17.38,17.089,1792,39556.0,1.69,-0.88,-0.151,0.0
20221007,17.108,16.933,17.115,16.889,1474,32076.0,1.32,-0.91,-0.156,0.0
20221010,16.765,16.761,16.765,16.761,1173,25242.0,0.02,-1.02,-0.172,0.0
20221011,16.86,16.822,16.897,16.773,2254,48743.0,0.74,0.36,0.061,0.0
20221012,16.866,16.799,16.874,16.799,466,10092.0,0.45,-0.14,-0.023,0.0
20221013,16.679,16.679,16.858,16.671,4399,94792.0,1.11,-0.71,-0.12,0.0
20221014,16.804,16.734,16.804,16.718,5368,115465.0,0.52,0.33,0.055,0.0
20221017,16.87,16.87,16.928,16.835,10585,229853.0,0.56,0.81,0.136,0.0
20221018,16.976,17.018,17.03,16.976,21193,463243.0,0.32,0.88,0.148,0.0
20221019,16.819,16.814,16.819,16.765,17935,386869.0,0.32,-1.2,-0.204,0.0
20221020,17.653,16.643,17.653,16.57,4244,90880.0,6.44,-1.02,-0.171,0.0
20221021,16.734,16.794,16.866,16.734,5655,121881.0,0.79,0.91,0.151,0.0
20221024,16.879,16.834,16.9,16.819,14738,318504.0,0.48,0.24,0.04,0.0
20221025,17.115,16.98,17.115,16.921,2339,50925.0,1.15,0.87,0.146,0.0
20221026,16.991,16.944,17.061,16.944,14386,312719.0,0.69,-0.21,-0.036,0.0
20221027,17.007,17.188,17.188,16.944,2389,52013.0,1.44,1.44,0.244,0.0
20221028,17.393,17.372,17.413,17.319,776,17212.0,0.55,1.07,0.184,0.0
20221031,17.179,17.111,17.194,17.111,1530,33568.0,0.48,-1.5,-0.261,0.0
20221101,17.133,17.147,17.202,17.077,5284,115851.0,0.73,0.21,0.036,0.0
20221102,17.053,16.936,17.202,16.936,39828,872757.0,1.55,-1.23,-0.211,0.0
20221103,16.862,16.896,16.964,16.803,2571,55477.0,0.95,-0.24,-0.04,0.0
20221104,16.975,16.982,17.022,16.858,47335,1022698.0,0.97,0.51,0.086,0.0
20221107,16.92,17.132,17.132,16.92,44123,956873.0,1.25,0.88,0.15,0.0
20221108,17.085,17.014,17.085,16.912,10642,231514.0,1.01,-0.69,-0.118,0.0
20221109,16.963,16.851,17.03,16.851,4799,104096.0,1.05,-0.96,-0.163,0.0
20221110,17.351,17.296,17.351,17.241,7976,176331.0,0.65,2.64,0.445,0.0
20221111,17.265,17.314,17.39,17.257,672,14864.0,0.77,0.1,0.018,0.0
20221114,17.202,17.135,17.257,17.124,3114,68495.0,0.77,-1.03,-0.179,0.0
20221115,17.382,17.351,17.39,17.343,19086,423405.0,0.27,1.26,0.216,0.0
20221116,19.072,17.419,19.072,17.327,12562,283726.0,10.06,0.39,0.068,0.0
20221117,17.225,17.225,17.265,17.225,48073,1058654.0,0.23,-1.11,-0.194,0.0
20221118,17.382,17.405,17.405,17.366,11983,266148.0,0.23,1.04,0.18,0.0
20221121,17.416,17.359,17.416,17.351,1958,43444.0,0.37,-0.26,-0.046,0.0
20221122,17.476,17.519,17.519,17.476,45845,1024751.0,0.25,0.92,0.16,0.0
20221123,17.593,17.595,17.601,17.562,7516,168942.0,0.22,0.43,0.076,0.0
20221125,17.548,17.548,17.548,17.548,111,2477.0,0.0,-0.27,-0.047,0.0
20221128,17.449,17.35,17.449,17.35,4786,105778.0,0.56,-1.13,-0.198,0.0
20221129,17.444,17.373,17.444,17.373,1662,36823.0,0.41,0.13,0.023,0.0
20221130,17.413,17.7,17.7,17.413,3146,70444.0,1.65,1.88,0.327,0.0
20221201,17.782,17.798,17.813,17.735,11389,257577.0,0.44,0.55,0.098,0.0
20221202,17.735,17.75,17.751,17.711,6146,138764.0,0.22,-0.27,-0.048,0.0
20221205,17.689,17.633,17.689,17.609,10307,231088.0,0.45,-0.66,-0.117,0.0
20221206,17.57,17.538,17.578,17.538,17962,401370.0,0.23,-0.54,-0.095,0.0
20221207,17.68,17.672,17.743,17.672,5734,129119.0,0.4,0.76,0.134,0.0
20221208,17.735,17.779,17.782,17.719,2812,63527.0,0.36,0.61,0.107,0.0
20221209,17.774,17.767,17.789,17.735,1750,39555.0,0.3,-0.07,-0.012,0.0
20221212,17.774,17.774,17.774,17.774,227,5132.0,0.0,0.04,0.007,0.0
20221213,17.955,17.916,17.955,17.9,35414,807713.0,0.31,0.8,0.142,0.0
20221214,18.018,17.903,18.018,17.903,2873,65685.0,0.64,-0.07,-0.013,0.0
20221215,18.686,17.842,18.686,17.688,3379,76701.0,5.57,-0.34,-0.061,0.0
20221216,17.743,17.664,17.743,17.664,1123,25260.0,0.44,-1.0,-0.178,0.0
20221219,17.668,17.651,17.668,17.625,1548,34756.0,0.24,-0.07,-0.013,0.0
20221220,17.617,17.583,17.625,17.578,2663,59586.0,0.27,-0.39,-0.068,0.0
20221221,17.688,17.696,17.696,17.688,7681,172848.0,0.05,0.64,0.113,0.0
20221222,17.664,17.599,17.67,17.578,4968,111405.0,0.52,-0.55,-0.097,0.0
20221223,17.64,17.672,17.68,17.64,2365,53109.0,0.23,0.41,0.073,0.0
20221227,17.553,17.505,17.553,17.333,17873,382756.0,1.24,-0.94,-0.167,0.0
20221228,16.714,17.279,17.488,16.714,8234,175668.0,4.42,-1.29,-0.226,0.0
20221229,17.374,17.491,17.491,17.374,1935,41447.0,0.68,1.23,0.212,0.0
20221230,17.423,17.423,17.435,17.423,3461,73997.0,0.07,-0.39,-0.068,0.0
20230103,17.521,17.498,17.521,17.46,1653,35499.0,0.35,0.43,0.075,0.0
20230104,17.611,17.62,17.635,17.521,1605,34596.0,0.65,0.7,0.122,0.0
20230105,17.526,17.472,17.526,17.472,508,10908.0,0.31,-0.84,-0.148,0.0
20230106,17.684,17.785,17.825,17.684,733,15966.0,0.81,1.79,0.313,0.0
20230109,17.79,17.749,17.839,17.749,11428,249768.0,0.51,-0.2,-0.036,0.0
20230110,16.722,17.729,17.729,16.722,350,7182.0,5.67,-0.11,-0.02,0.0
20230111,17.879,17.858,17.879,17.858,1324,29048.0,0.12,0.73,0.129,0.0
20230112,17.859,17.928,17.928,17.859,991,21785.0,0.39,0.39,0.07,0.0
20230113,17.912,17.847,17.912,17.847,8526,187072.0,0.36,-0.45,-0.081,0.0
20230117,18.98,17.871,18.98,17.863,2071,45640.0,6.26,0.13,0.024,0.0
20230118,17.924,17.82,17.961,17.82,2048,45063.0,0.79,-0.29,-0.051,0.0
20230119,17.742,17.722,17.742,17.722,302,6574.0,0.11,-0.55,-0.098,0.0
20230120,17.651,17.757,17.757,17.651,2953,64239.0,0.6,0.2,0.035,0.0
20230123,17.716,17.682,17.716,17.668,393,8528.0,0.27,-0.42,-0.075,0.0
20230124,17.757,17.735,17.757,17.735,846,18434.0,0.12,0.3,0.053,0.0
20230125,17.733,17.718,17.733,17.718,1496,32551.0,0.08,-0.1,-0.017,0.0
20230126,17.743,17.727,17.766,17.727,1669,36193.0,0.22,0.05,0.009,0.0
20230127,17.692,17.635,17.692,17.626,1338,28905.0,0.37,-0.52,-0.092,0.0
20230130,17.594,17.589,17.626,17.589,6298,135363.0,0.21,-0.26,-0.046,0.0
20230131,17.52,17.692,17.692,17.52,800,17215.0,0.98,0.59,0.103,0.0
20230201,17.684,17.894,17.897,17.684,9252,202125.0,1.2,1.14,0.202,0.0
20230202,17.972,17.929,17.978,17.921,5709,125049.0,0.32,0.2,0.035,0.0
20230203,17.807,17.762,17.807,17.762,3047,66245.0,0.25,-0.93,-0.167,0.0
20230206,17.733,17.699,17.733,17.699,1380,29890.0,0.19,-0.35,-0.063,0.0
20230207,17.708,17.774,17.774,17.643,1025,22153.0,0.74,0.42,0.075,0.0
20230208,17.733,17.705,17.749,17.705,692,14996.0,0.25,-0.39,-0.069,0.0
20230209,17.602,17.585,17.651,17.585,9545,205258.0,0.37,-0.68,-0.12,0.0
20230210,17.585,17.553,17.585,17.536,4042,86702.0,0.28,-0.18,-0.032,0.0
20230213,17.565,17.618,17.618,17.545,92812,1992560.0,0.42,0.37,0.065,0.0
20230214,17.438,17.454,17.491,17.438,7277,155428.0,0.3,-0.93,-0.164,0.0
20230215,17.414,17.389,17.463,17.389,5579,118708.0,0.42,-0.37,-0.065,0.0
20230216,17.373,17.31,17.373,17.299,2446,51763.0,0.43,-0.45,-0.079,0.0
20230217,17.323,17.435,17.435,17.315,4599,97298.0,0.69,0.72,0.125,0.0
20230221,17.233,17.181,17.233,17.173,966,20280.0,0.34,-1.46,-0.254,0.0
20230222,17.267,17.267,17.267,17.267,36,759.0,0.0,0.5,0.086,0.0
20230223,17.347,17.406,17.406,17.347,383,8085.0,0.34,0.81,0.139,0.0
20230224,17.513,17.336,17.513,17.316,6694,141041.0,1.13,-0.4,-0.07,0.0
20230227,17.422,17.464,17.464,17.422,376,7963.0,0.24,0.74,0.128,0.0
20230228,17.415,17.415,17.415,17.415,28,592.0,0.0,-0.28,-0.049,0.0
20230301,17.34,17.299,17.344,17.299,2198,46284.0,0.26,-0.67,-0.116,0.0
20230302,17.348,17.375,17.375,17.315,1250,26337.0,0.35,0.44,0.076,0.0
20230303,17.423,17.53,17.53,17.381,1131,23920.0,0.86,0.89,0.155,0.0
20230306,17.595,17.587,17.612,17.538,8547,182539.0,0.42,0.33,0.057,0.0
20230307,17.456,17.456,17.456,17.456,4,84.0,0.0,-0.74,-0.131,0.0
20230308,17.455,17.375,17.455,17.375,3535,74860.0,0.46,-0.46,-0.081,0.0
20230309,17.488,17.358,17.488,17.358,5101,108280.0,0.75,-0.1,-0.017,0.0
20230310,17.455,17.394,17.455,17.394,865,18345.0,0.35,0.21,0.036,0.0
20230313,17.426,17.464,17.496,17.406,4022,85329.0,0.52,0.4,0.07,0.0
20230314,17.579,17.561,17.579,17.521,4757,101556.0,0.33,0.56,0.097,0.0
20230315,17.509,17.521,17.521,17.488,1730,36804.0,0.19,-0.23,-0.04,0.0
20230316,17.595,17.735,17.735,17.554,19295,414389.0,1.03,1.22,0.214,0.0
20230317,17.71,17.61,17.71,17.595,2797,59982.0,0.65,-0.7,-0.125,0.0
20230320,17.612,17.618,17.62,17.612,478,10235.0,0.05,0.05,0.008,0.0
20230321,17.653,17.768,17.883,17.636,23926,515956.0,1.4,0.85,0.15,0.0
20230322,17.702,17.753,17.801,17.677,5534,119159.0,0.7,-0.08,-0.015,0.0
20230323,17.793,17.706,17.793,17.706,393,8500.0,0.49,-0.26,-0.047,0.0
20230324,17.776,17.731,17.776,17.71,825,17777.0,0.37,0.14,0.025,0.0
20230327,17.793,17.683,17.794,17.683,1446,31133.0,0.63,-0.27,-0.048,0.0
20230328,17.631,17.641,17.641,17.631,209,4458.0,0.06,-0.24,-0.042,0.0
20230329,17.842,17.839,17.867,17.834,5487,118424.0,0.19,1.12,0.198,0.0
20230330,17.942,17.942,17.942,17.942,19,412.0,0.0,0.58,0.103,0.0
20230331,18.078,18.124,18.124,18.033,2187,47832.0,0.51,1.01,0.182,0.0
20230403,19.685,18.127,19.685,18.099,4487,98619.0,8.75,0.02,0.003,0.0
20230404,18.107,18.016,18.158,18.016,1508,33062.0,0.78,-0.61,-0.111,0.0
20230405,18.045,18.019,18.045,18.019,8473,184938.0,0.14,0.02,0.003,0.0
20230406,18.057,18.19,18.19,18.057,2192,48140.0,0.74,0.95,0.171,0.0
20230410,18.057,18.04,18.066,18.04,2335,51041.0,0.14,-0.82,-0.15,0.0
20230411,18.013,18.072,18.107,18.013,1449,31658.0,0.52,0.18,0.032,0.0
20230412,19.826,18.066,19.826,18.066,2630,58079.0,9.74,-0.03,-0.006,0.0
20230413,17.52,18.27,18.305,17.52,56386,1246399.0,4.35,1.13,0.204,0.0
20230414,18.219,18.229,18.256,18.219,2142,47292.0,0.2,-0.22,-0.041,0.0
20230417,19.14,18.172,19.14,18.148,2327,51702.0,5.44,-0.31,-0.057,0.0
20230418,18.195,18.207,18.207,18.195,168,3698.0,0.07,0.19,0.035,0.0
20230419,18.165,18.155,18.165,18.155,5393,118528.0,0.05,-0.29,-0.052,0.0
20230420,18.157,18.165,18.173,18.157,14931,328088.0,0.09,0.06,0.01,0.0
20230421,18.198,18.194,18.239,18.19,4077,89838.0,0.27,0.16,0.029,0.0
20230424,18.256,18.322,18.322,18.256,1122,24846.0,0.36,0.7,0.128,0.0
20230425,18.322,18.301,18.322,18.301,1607,35447.0,0.11,-0.11,-0.021,0.0
20230426,18.264,18.229,18.264,18.189,98528,2162327.0,0.41,-0.39,-0.072,0.0
20230427,18.172,18.243,18.272,18.172,9045,198436.0,0.55,0.08,0.014,0.0
20230428,18.338,18.303,18.347,18.297,24953,550783.0,0.27,0.33,0.06,0.0
20230501,18.538,18.232,18.538,18.222,23533,517096.0,1.73,-0.39,-0.071,0.0
20230502,18.247,18.421,18.455,18.247,16276,358993.0,1.14,1.04,0.189,0.0
20230503,18.338,18.338,18.372,18.313,10531,232703.0,0.32,-0.45,-0.083,0.0
20230504,18.131,18.376,18.388,18.131,14549,321814.0,1.4,0.21,0.038,0.0
20230505,18.384,18.415,18.43,18.384,4848,107494.0,0.25,0.21,0.039,0.0
20230508,20.173,18.338,20.173,18.297,16187,358089.0,10.19,-0.42,-0.077,0.0
20230509,18.33,18.277,18.347,18.264,7881,174046.0,0.45,-0.33,-0.061,0.0
20230510,18.347,18.455,18.455,18.33,6192,137063.0,0.68,0.97,0.178,0.0
20230511,18.43,18.401,18.43,18.401,3113,69075.0,0.16,-0.29,-0.054,0.0
20230512,18.401,18.43,18.438,18.401,2921,64841.0,0.2,0.16,0.029,0.0
20230515,18.355,18.306,18.355,18.28,21561,476187.0,0.41,-0.67,-0.124,0.0
20230516,18.28,18.233,18.28,18.222,8327,183039.0,0.32,-0.4,-0.073,0.0
20230517,18.231,18.203,18.231,18.203,1423,31249.0,0.15,-0.16,-0.03,0.0
20230518,18.098,18.164,18.197,17.774,4023,87557.0,2.32,-0.21,-0.039,0.0
20230519,18.347,18.273,18.347,18.262,2160,47642.0,0.47,0.6,0.109,0.0
20230522,18.28,18.33,18.33,18.28,7621,167936.0,0.27,0.31,0.057,0.0
20230523,18.214,18.197,18.214,18.187,4145,90819.0,0.15,-0.73,-0.133,0.0
20230524,18.139,18.098,18.139,18.098,9422,205575.0,0.23,-0.54,-0.099,0.0
20230525,18.139,18.131,18.148,18.073,5084,110467.0,0.41,0.18,0.033,0.0
20230526,18.098,18.183,18.223,18.098,2174,47417.0,0.69,0.29,0.052,0.0
20230530,18.239,18.254,18.256,18.218,7692,168181.0,0.21,0.39,0.071,0.0
20230531,18.214,18.228,18.228,18.185,538,11743.0,0.24,-0.14,-0.026,0.0
20230601,18.281,18.326,18.34,18.281,49205,1080452.0,0.32,0.54,0.098,0.0
20230602,18.365,18.363,18.398,18.348,9642,212440.0,0.27,0.2,0.037,0.0
20230605,18.356,18.322,18.356,18.32,26039,572522.0,0.2,-0.22,-0.041,0.0
20230606,18.348,18.34,18.348,18.325,1185,26049.0,0.13,0.1,0.018,0.0
20230607,18.131,18.139,18.173,18.131,61879,1347390.0,0.23,-1.1,-0.201,0.0
20230608,18.498,18.263,18.498,18.215,3169,69614.0,1.56,0.68,0.124,0.0
20230609,18.266,18.331,18.331,18.266,4226,92791.0,0.36,0.37,0.068,0.0
20230612,18.44,18.223,18.44,18.175,4888,107255.0,1.45,-0.59,-0.108,0.0
20230613,18.131,18.186,18.214,18.123,4538,98919.0,0.5,-0.2,-0.037,0.0
20230614,18.21,18.203,18.21,18.169,69234,1511464.0,0.23,0.09,0.017,0.0
20230615,18.264,18.234,18.298,18.223,10951,239900.0,0.41,0.17,0.031,0.0
20230616,18.273,18.235,18.289,18.235,5334,116837.0,0.3,0.01,0.001,0.0
20230620,18.139,18.239,18.248,18.139,11824,258248.0,0.6,0.02,0.004,0.0
20230621,18.181,18.189,18.206,18.16,15052,328316.0,0.25,-0.27,-0.05,0.0
20230622,18.173,18.148,18.173,18.139,1132,24639.0,0.19,-0.23,-0.041,0.0
20230623,18.106,18.135,18.164,18.064,5645,122711.0,0.55,-0.07,-0.013,0.0
20230626,18.109,18.173,18.189,18.109,2169,47223.0,0.44,0.21,0.038,0.0
20230627,18.332,18.173,18.332,18.148,4990,108249.0,1.01,0.0,0.0,0.0
20230628,18.189,18.215,18.215,18.189,33299,722929.0,0.14,0.23,0.042,0.0
20230629,18.106,18.161,18.161,18.106,7783,168238.0,0.3,-0.3,-0.054,0.0
20230630,18.215,18.292,18.315,18.215,9427,205874.0,0.55,0.72,0.131,0.0
20230703,18.29,18.231,18.29,18.169,10924,237700.0,0.66,-0.33,-0.061,0.0
20230705,18.34,18.072,18.34,18.005,78137,1683519.0,1.84,-0.87,-0.159,0.0
20230706,17.972,17.997,17.997,17.972,1476,31699.0,0.14,-0.42,-0.075,0.0
20230707,17.913,17.905,17.947,17.863,2183,46651.0,0.47,-0.51,-0.092,0.0
20230710,18.106,17.863,18.106,17.863,26093,558003.0,1.36,-0.23,-0.042,0.0
20230711,17.888,18.006,18.006,17.888,1875,40113.0,0.66,0.8,0.143,0.0
20230712,18.122,18.189,18.189,18.122,8078,174746.0,0.37,1.02,0.183,0.0
20230713,18.24,18.349,18.357,18.215,4221,92273.0,0.78,0.88,0.16,0.0
20230714,18.357,18.332,18.357,18.282,3134,68507.0,0.41,-0.09,-0.017,0.0
20230717,18.332,18.381,18.381,18.332,5069,110910.0,0.27,0.27,0.049,0.0
20230718,18.407,18.35,18.416,18.349,106939,2350362.0,0.36,-0.17,-0.031,0.0
20230719,18.483,18.449,18.483,18.365,2506,55153.0,0.64,0.54,0.099,0.0
20230720,18.334,18.352,18.352,18.332,1276,27924.0,0.11,-0.53,-0.097,0.0
20230721,18.55,18.424,18.55,18.424,10695,235599.0,0.69,0.39,0.072,0.0
20230724,18.432,18.382,18.458,18.382,1286,28270.0,0.41,-0.23,-0.042,0.0
20230725,18.374,18.378,18.382,18.374,1673,36692.0,0.04,-0.02,-0.004,0.0
20230726,18.374,18.399,18.508,18.374,11653,255299.0,0.73,0.11,0.021,0.0
20230727,18.357,18.332,18.374,18.239,23589,513480.0,0.73,-0.36,-0.067,0.0
20230728,18.315,18.323,18.399,18.306,2480,54051.0,0.51,-0.05,-0.009,0.0
20230731,18.332,18.29,18.374,18.29,93593,2037819.0,0.46,-0.18,-0.033,0.0
20230801,18.264,18.256,18.332,18.256,9507,206507.0,0.42,-0.19,-0.034,0.0
20230802,18.306,18.29,18.306,18.242,6754,146651.0,0.35,0.19,0.034,0.0
20230803,18.248,18.205,18.253,18.205,913,19785.0,0.26,-0.46,-0.085,0.0
20230804,18.311,18.311,18.323,18.311,513,11163.0,0.07,0.58,0.106,0.0
20230807,18.382,18.362,18.382,18.323,1940,42285.0,0.32,0.28,0.051,0.0
20230808,18.371,18.371,18.371,18.371,256,5587.0,0.0,0.05,0.009,0.0
20230809,18.374,18.424,18.424,18.374,4274,93330.0,0.27,0.29,0.053,0.0
20230810,18.433,18.349,18.475,18.349,5604,122445.0,0.68,-0.41,-0.075,0.0
20230811,18.349,18.298,18.357,18.264,9251,201471.0,0.51,-0.28,-0.051,0.0
20230814,18.323,18.298,18.382,18.29,9049,197489.0,0.5,0.0,0.0,0.0
20230815,18.342,18.282,18.365,18.282,2108,45935.0,0.45,-0.09,-0.016,0.0
20230816,18.332,18.248,18.332,18.248,736,16008.0,0.46,-0.19,-0.034,0.0
20230817,18.163,18.155,18.248,18.155,15586,336568.0,0.51,-0.51,-0.093,0.0
20230818,18.248,18.227,18.264,18.227,731,15853.0,0.2,0.4,0.072,0.0
20230821,18.156,18.214,18.248,18.156,1275,27563.0,0.5,-0.07,-0.013,0.0
20230822,18.281,18.222,18.281,18.222,2910,63133.0,0.32,0.04,0.008,0.0
20230823,18.391,18.437,18.458,18.391,2283,50010.0,0.37,1.18,0.215,0.0
20230824,18.382,18.333,18.382,18.333,1654,36115.0,0.27,-0.56,-0.104,0.0
20230825,18.458,18.458,18.458,18.458,246,5394.0,0.0,0.68,0.125,0.0
20230828,18.433,18.458,18.496,18.433,2777,60668.0,0.34,0.0,0.0,0.0
20230829,18.475,18.551,18.559,18.475,3460,75791.0,0.46,0.5,0.093,0.0
20230830,18.348,18.526,18.661,18.348,14144,310490.0,1.69,-0.13,-0.025,0.0
20230831,18.543,18.475,18.543,18.475,4167,91209.0,0.37,-0.28,-0.051,0.0
20230901,18.547,18.526,18.551,18.526,1088,23860.0,0.14,0.28,0.051,0.0
20230905,18.433,18.403,18.493,18.373,37667,821371.0,0.65,-0.66,-0.123,0.0
20230906,18.373,18.399,18.466,18.373,5061,110314.0,0.51,-0.02,-0.004,0.0
20230907,18.348,18.576,18.576,18.348,12181,267194.0,1.24,0.96,0.177,0.0
20230908,18.589,18.553,18.602,18.543,6207,136410.0,0.32,-0.12,-0.023,0.0
20230911,18.619,18.627,18.652,18.559,6581,144920.0,0.5,0.4,0.074,0.0
20230912,18.627,18.543,18.636,18.543,2450,53956.0,0.5,-0.45,-0.084,0.0
20230913,18.602,18.619,18.712,18.602,1572,34648.0,0.59,0.41,0.076,0.0
20230914,18.627,18.653,18.72,18.627,7000,154486.0,0.5,0.18,0.034,0.0
20230915,18.627,18.57,18.627,18.543,4896,107578.0,0.45,-0.44,-0.083,0.0
20230918,18.585,18.624,18.678,18.585,3000,66053.0,0.5,0.29,0.054,0.0
20230919,18.602,18.606,18.615,18.602,957,21061.0,0.07,-0.1,-0.018,0.0
20230920,18.644,18.568,18.644,18.568,6555,144306.0,0.41,-0.2,-0.038,0.0
20230921,18.562,18.331,18.562,18.331,36803,802204.0,1.24,-1.28,-0.237,0.0
20230922,18.644,18.475,18.644,18.475,2329,51066.0,0.92,0.79,0.144,0.0
20230925,18.559,18.475,18.559,18.475,13507,295606.0,0.45,0.0,0.0,0.0
20230926,18.5,18.449,18.5,18.424,8133,177771.0,0.41,-0.14,-0.026,0.0
20230927,18.662,18.356,18.662,18.356,16429,356254.0,1.66,-0.5,-0.093,0.0
20230928,18.509,18.543,18.543,18.331,19928,433383.0,1.15,1.02,0.187,0.0
20230929,18.475,18.348,18.517,18.348,6825,148252.0,0.91,-1.05,-0.195,0.0
20231002,18.407,18.382,18.407,18.297,6974,150482.0,0.6,0.19,0.034,0.0
20231003,18.713,18.246,18.713,18.203,8164,176549.0,2.77,-0.74,-0.136,0.0
20231004,18.382,18.327,18.382,18.203,9164,197387.0,0.98,0.44,0.081,0.0
20231005,18.335,18.305,18.356,18.305,39474,852181.0,0.28,-0.12,-0.022,0.0
20231006,18.262,18.394,18.399,18.262,3214,69422.0,0.75,0.49,0.089,0.0
20231009,18.533,18.561,18.561,18.533,3849,83999.0,0.15,0.91,0.167,0.0
20231010,18.483,18.534,18.56,18.483,3507,76555.0,0.41,-0.15,-0.027,0.0
20231011,18.534,18.543,18.543,18.526,1762,38440.0,0.09,0.05,0.009,0.0
20231012,18.5,18.505,18.505,18.5,1350,29403.0,0.03,-0.2,-0.038,0.0
20231013,18.479,18.489,18.489,18.479,728,15837.0,0.05,-0.09,-0.016,0.0
20231016,18.577,18.475,18.577,18.475,2928,63835.0,0.55,-0.08,-0.014,0.0
20231017,18.39,18.338,18.424,18.314,11408,246770.0,0.6,-0.74,-0.137,0.0
20231018,18.382,18.278,18.382,18.254,3764,81252.0,0.7,-0.33,-0.06,0.0
20231019,18.237,18.215,18.331,18.212,16814,361859.0,0.65,-0.34,-0.063,0.0
20231020,18.238,18.266,18.288,18.236,5484,117925.0,0.29,0.28,0.051,0.0
20231023,18.212,18.348,18.356,18.178,2691,57775.0,0.97,0.45,0.082,0.0
20231024,18.399,18.401,18.433,18.356,2266,49059.0,0.42,0.29,0.053,0.0
20231025,18.382,18.366,18.39,18.345,3362,72723.0,0.24,-0.19,-0.035,0.0
20231026,18.399,18.373,18.424,18.33,10613,228670.0,0.51,0.04,0.007,0.0
20231027,18.356,18.399,18.48,18.356,1545,33381.0,0.67,0.14,0.026,0.0
20231030,18.476,18.476,18.476,18.441,1245,26933.0,0.19,0.42,0.077,0.0
20231031,18.561,18.56,18.561,18.56,3612,78560.0,0.01,0.45,0.084,0.0
20231101,18.624,18.717,18.749,18.624,3924,85752.0,0.67,0.85,0.157,0.0
20231102,18.655,18.808,18.928,18.655,13709,303016.0,1.46,0.49,0.091,0.0
20231103,18.928,19.03,19.03,18.928,221082,4926247.0,0.54,1.18,0.222,0.0
20231106,18.966,19.073,19.073,18.953,215510,4808521.0,0.63,0.23,0.043,0.0
20231107,19.175,18.928,19.175,18.928,19852,441847.0,1.3,-0.76,-0.145,0.0
20231108,18.996,19.024,19.056,18.992,2340,52105.0,0.34,0.51,0.096,0.0
20231109,19.013,18.979,19.013,18.97,1889,42031.0,0.23,-0.24,-0.045,0.0
20231110,19.056,19.069,19.081,19.047,6695,149556.0,0.18,0.47,0.09,0.0
20231113,19.056,19.075,19.086,19.056,4911,109685.0,0.16,0.03,0.006,0.0
20231114,19.252,19.218,19.269,19.192,52288,1178265.0,0.4,0.75,0.143,0.0
20231115,19.057,19.016,19.081,18.996,6639,148161.0,0.44,-1.05,-0.202,0.0
20231116,19.124,19.096,19.133,19.073,6307,141247.0,0.32,0.42,0.08,0.0
20231117,19.03,19.078,19.098,19.03,1516,33878.0,0.36,-0.09,-0.018,0.0
20231120,19.073,19.075,19.107,19.03,7748,173263.0,0.4,-0.02,-0.003,0.0
20231121,19.576,19.149,20.941,18.851,7493,169730.0,10.96,0.39,0.074,0.0
20231122,19.137,19.201,19.218,19.133,6298,141558.0,0.44,0.27,0.052,0.0
20231124,19.154,19.19,19.192,19.154,1030,23156.0,0.2,-0.06,-0.011,0.0
20231127,19.724,19.22,19.724,19.201,2561,57740.0,2.73,0.16,0.03,0.0
20231128,19.084,19.278,19.295,19.084,6130,137746.0,1.1,0.3,0.058,0.0
20231129,19.372,19.304,19.372,19.304,3081,69548.0,0.35,0.13,0.026,0.0
20231130,19.273,19.327,19.347,19.265,9234,207952.0,0.42,0.12,0.023,0.0
20231201,19.338,19.369,19.389,19.312,5714,129145.0,0.4,0.22,0.042,0.0
20231204,19.029,19.338,19.338,19.029,11732,262917.0,1.6,-0.16,-0.031,0.0
20231205,19.344,19.364,19.381,19.344,6168,139306.0,0.19,0.13,0.026,0.0
20231206,19.398,19.36,19.424,19.355,17744,401567.0,0.36,-0.02,-0.004,0.0
20231207,19.424,19.398,19.424,19.389,2455,55554.0,0.18,0.2,0.038,0.0
20231208,19.329,19.3,19.329,19.261,13202,297179.0,0.35,-0.51,-0.098,0.0
20231211,19.347,19.312,19.347,19.299,1350,30426.0,0.25,0.06,0.012,0.0
20231212,19.355,19.475,19.475,19.312,30817,698963.0,0.84,0.84,0.163,0.0
20231213,19.51,19.604,19.664,19.501,1738,39746.0,0.84,0.66,0.129,0.0
20231214,19.544,19.518,19.587,19.518,19867,453411.0,0.35,-0.44,-0.086,0.0
20231215,19.612,19.587,19.612,19.51,29246,667416.0,0.52,0.35,0.069,0.0
20231218,19.539,19.574,19.595,19.518,13708,312950.0,0.39,-0.07,-0.013,0.0
20231219,19.578,19.57,19.604,19.561,7011,160139.0,0.22,-0.02,-0.004,0.0
20231220,19.635,19.661,19.698,19.635,20670,474224.0,0.32,0.46,0.091,0.0
20231221,19.63,19.643,19.664,19.604,11670,267484.0,0.31,-0.09,-0.018,0.0
20231222,19.651,19.626,19.655,19.626,2033,46602.0,0.15,-0.09,-0.017,0.0
20231226,19.647,19.632,19.647,19.63,7194,164164.0,0.09,0.03,0.006,0.0
20231227,19.5,19.733,19.75,19.5,5394,123567.0,1.27,0.51,0.101,0.0
20231228,19.677,19.69,19.69,19.634,64108,1463950.0,0.28,-0.22,-0.043,0.0
20231229,19.707,19.642,19.741,19.625,36382,831531.0,0.59,-0.24,-0.048,0.0
20240102,19.599,19.638,19.638,19.521,16254,369670.0,0.6,-0.02,-0.004,0.0
20240103,19.483,19.631,19.659,19.483,6206,141245.0,0.9,-0.04,-0.007,0.0
20240104,19.621,19.565,19.647,19.552,8803,200521.0,0.48,-0.34,-0.066,0.0
20240105,19.466,19.48,19.578,19.466,32830,745239.0,0.57,-0.43,-0.085,0.0
20240108,19.492,19.5,19.586,19.492,191286,4336766.0,0.48,0.1,0.02,0.0
20240109,19.561,19.621,19.621,19.561,13943,317421.0,0.31,0.62,0.121,0.0
20240110,19.655,19.75,19.75,19.655,189036,4328603.0,0.48,0.66,0.129,0.0
20240111,19.713,19.824,19.828,19.648,17314,396247.0,0.91,0.37,0.074,0.0
20240112,19.828,19.911,19.914,19.776,4079,94094.0,0.7,0.44,0.087,0.0
20240116,19.921,19.836,19.922,19.802,8249,190027.0,0.6,-0.38,-0.075,0.0
20240117,19.784,19.819,19.819,19.759,17253,396602.0,0.3,-0.09,-0.017,0.0
20240118,19.764,19.753,19.766,19.75,2997,68771.0,0.08,-0.33,-0.066,0.0
20240119,19.775,19.795,19.81,19.75,3706,85128.0,0.3,0.21,0.042,0.0
20240122,19.759,19.784,19.828,19.759,5623,129292.0,0.35,-0.06,-0.011,0.0
20240123,19.747,19.752,19.759,19.724,29800,683861.0,0.18,-0.16,-0.032,0.0
20240124,19.792,19.763,19.806,19.759,9532,218905.0,0.24,0.06,0.011,0.0
20240125,19.81,19.862,19.862,19.806,2223,51166.0,0.28,0.5,0.099,0.0
20240126,19.842,19.845,19.845,19.801,8892,203811.0,0.22,-0.09,-0.017,0.0
20240129,19.836,19.871,19.871,19.784,36177,829401.0,0.44,0.13,0.026,0.0
20240130,19.817,19.853,19.862,19.817,5260,120721.0,0.23,-0.09,-0.018,0.0
20240131,19.879,19.82,19.879,19.801,6290,144234.0,0.39,-0.17,-0.033,0.0
20240201,19.923,19.95,19.966,19.897,11882,274057.0,0.35,0.66,0.13,0.0
20240202,19.853,19.912,19.922,19.853,2682,61665.0,0.35,-0.19,-0.038,0.0
20240205,19.845,19.758,19.845,19.758,9528,218220.0,0.44,-0.77,-0.154,0.0
20240206,19.853,19.801,19.853,19.793,11121,254912.0,0.3,0.22,0.043,0.0
20240207,19.805,19.932,19.932,19.805,4117,94584.0,0.64,0.66,0.131,0.0
20240208,19.957,19.918,19.957,19.918,603,13900.0,0.2,-0.07,-0.014,0.0
20240209,19.892,19.892,19.927,19.888,6508,149785.0,0.2,-0.13,-0.026,0.0
20240212,19.888,19.793,19.888,19.793,6839,156919.0,0.48,-0.5,-0.099,0.0
20240213,19.862,19.768,19.862,19.724,27858,637670.0,0.7,-0.13,-0.025,0.0
20240214,19.734,19.823,19.845,19.734,2486,56892.0,0.56,0.28,0.055,0.0
20240215,19.905,19.857,19.914,19.845,9130,210230.0,0.35,0.17,0.034,0.0
20240216,19.784,19.827,19.845,19.741,3778,86661.0,0.52,-0.15,-0.03,0.0
20240220,19.905,19.936,19.957,19.905,5312,122474.0,0.26,0.55,0.109,0.0
20240221,20.0,19.946,20.0,19.888,12601,290394.0,0.56,0.05,0.01,0.0
20240222,20.018,20.039,20.07,19.995,4399,101820.0,0.38,0.47,0.093,0.0
20240223,20.113,20.087,20.13,19.974,19391,450067.0,0.78,0.24,0.048,0.0
20240226,19.852,19.987,20.017,19.852,31202,718280.0,0.82,-0.5,-0.1,0.0
20240227,19.983,19.936,19.983,19.915,15198,349061.0,0.34,-0.26,-0.051,0.0
20240228,20.113,20.009,20.113,19.917,21010,483086.0,0.98,0.37,0.073,0.0
20240229,19.991,19.974,20.078,19.974,17369,400108.0,0.52,-0.17,-0.035,0.0
20240301,20.017,20.009,20.078,20.004,10398,239848.0,0.37,0.18,0.035,0.0
20240304,20.59,20.148,20.59,20.052,14970,346609.0,2.69,0.69,0.139,0.0
20240305,20.13,20.073,20.13,20.069,7708,178355.0,0.3,-0.37,-0.075,0.0
20240306,20.252,20.165,20.252,20.122,28574,662511.0,0.65,0.46,0.092,0.0
20240307,20.104,20.156,20.165,20.104,7818,181395.0,0.3,-0.04,-0.009,0.0
20240308,20.078,20.122,20.174,20.078,6115,141758.0,0.48,-0.17,-0.034,0.0
20240311,20.104,20.139,20.139,20.03,4523,104524.0,0.54,0.08,0.017,0.0
20240312,20.087,20.177,20.177,20.06,54499,1262822.0,0.58,0.19,0.038,0.0
20240313,20.069,20.104,20.165,20.069,2775,64342.0,0.48,-0.36,-0.073,0.0
20240314,20.139,20.13,20.148,20.095,10938,253579.0,0.26,0.13,0.026,0.0
20240315,20.061,20.071,20.104,20.052,11645,269157.0,0.26,-0.29,-0.059,0.0
20240318,20.269,20.105,20.269,20.105,6828,158348.0,0.82,0.17,0.034,0.0
20240319,20.177,20.269,20.269,20.174,1710,39763.0,0.47,0.82,0.164,0.0
20240320,20.178,20.252,20.252,20.172,82818,1927595.0,0.39,-0.08,-0.017,0.0
20240321,20.234,20.156,20.234,20.148,8955,208236.0,0.42,-0.47,-0.096,0.0
20240322,20.2,20.179,20.217,20.148,11800,274163.0,0.34,0.11,0.023,0.0
20240325,20.121,20.121,20.156,20.069,2899,66730.0,0.43,-0.29,-0.058,0.0
20240326,20.086,20.147,20.147,20.069,6742,155104.0,0.39,0.13,0.026,0.0
20240327,20.139,20.147,20.147,20.069,2662,61217.0,0.39,0.0,0.0,0.0
20240328,20.093,20.037,20.121,20.034,2940,67498.0,0.43,-0.55,-0.11,0.0
20240401,20.008,19.859,20.025,19.859,344989,7865607.0,0.83,-0.89,-0.178,0.0
20240402,19.94,19.985,19.999,19.929,21416,489129.0,0.35,0.63,0.126,0.0
20240403,19.955,20.077,20.095,19.946,2232387,51224723.0,0.75,0.46,0.092,0.0
20240404,20.036,20.051,20.06,20.016,7407,169874.0,0.22,-0.13,-0.026,0.0
20240405,20.016,20.112,20.112,20.016,20407,467775.0,0.48,0.3,0.061,0.0
20240408,20.012,20.104,20.112,20.008,72906,1670066.0,0.52,-0.04,-0.008,0.0
20240409,20.042,20.0,20.042,19.973,21550,493083.0,0.34,-0.52,-0.104,0.0
20240410,20.025,19.973,20.025,19.868,36689,836692.0,0.79,-0.14,-0.027,0.0
20240411,19.876,19.868,19.903,19.859,25339,576237.0,0.22,-0.53,-0.105,0.0
20240412,19.894,19.911,19.955,19.868,37530,854316.0,0.44,0.22,0.043,0.0
20240415,20.025,19.833,20.025,19.824,6929,157736.0,1.01,-0.39,-0.078,0.0
20240416,19.798,19.92,19.92,19.798,7745,176310.0,0.62,0.44,0.087,0.0
20240417,19.728,19.78,19.92,19.684,16476,373493.0,1.18,-0.7,-0.14,0.0
20240418,19.876,19.85,19.894,19.85,1137,25843.0,0.22,0.35,0.07,0.0
20240419,19.919,19.894,19.938,19.894,18174,414067.0,0.22,0.22,0.044,0.0
20240422,19.894,19.982,19.99,19.894,14543,331418.0,0.48,0.44,0.088,0.0
20240423,20.034,20.026,20.069,20.008,3024,69337.0,0.31,0.22,0.044,0.0
20240424,20.012,20.042,20.042,20.012,1508,34528.0,0.15,0.08,0.016,0.0
20240425,19.946,20.078,20.078,19.884,11231,255658.0,0.97,0.18,0.036,0.0
20240426,20.104,20.106,20.113,20.086,3170,72441.0,0.13,0.14,0.028,0.0
20240429,20.095,19.999,20.095,19.999,8518,194173.0,0.48,-0.53,-0.107,0.0
20240430,20.139,20.034,20.139,20.007,8752,199406.0,0.66,0.18,0.035,0.0
20240501,19.937,20.113,20.13,19.937,8160,186083.0,0.96,0.39,0.079,0.0
20240502,20.138,20.174,20.201,20.095,11407,261329.0,0.53,0.3,0.061,0.0
20240503,20.174,20.218,20.218,20.157,10723,246287.0,0.3,0.22,0.044,0.0
20240506,20.218,20.227,20.227,20.192,14208,326386.0,0.17,0.04,0.009,0.0
20240507,20.218,20.236,20.236,20.201,12962,297949.0,0.17,0.04,0.009,0.0
20240508,20.201,20.245,20.245,20.166,24737,568564.0,0.39,0.04,0.009,0.0
20240509,20.245,20.166,20.245,20.164,57267,1314639.0,0.4,-0.39,-0.079,0.0
20240510,20.174,20.245,20.245,20.148,25560,586109.0,0.48,0.39,0.079,0.0
20240513,20.245,20.051,20.245,20.051,16300,373597.0,0.96,-0.96,-0.194,0.0
20240514,20.095,20.13,20.163,20.051,24188,551717.0,0.56,0.39,0.079,0.0
20240515,20.142,20.342,20.342,20.142,2020791,46574237.0,0.99,1.05,0.212,0.0
20240516,20.236,20.276,20.324,20.236,44898,1035036.0,0.43,-0.32,-0.066,0.0
20240517,20.166,20.218,20.28,20.16,30209,694735.0,0.59,-0.29,-0.058,0.0
20240520,20.223,20.289,20.289,20.205,20921,480983.0,0.42,0.35,0.071,0.0
20240521,20.289,20.306,20.324,20.254,37952,875212.0,0.35,0.08,0.017,0.0
20240522,20.254,20.166,20.271,20.166,24659,566726.0,0.52,-0.69,-0.14,0.0
20240523,20.447,20.218,20.447,20.21,11624,267636.0,1.18,0.26,0.052,0.0
20240524,20.351,20.19,20.351,19.989,5096,116416.0,1.79,-0.14,-0.028,0.0
20240528,20.36,20.024,20.36,20.024,16457,374959.0,1.66,-0.82,-0.166,0.0
20240529,20.13,20.006,20.13,20.006,33441,759407.0,0.62,-0.09,-0.018,0.0
20240530,20.095,20.068,20.104,20.042,40419,918746.0,0.31,0.31,0.062,0.0
20240531,20.157,20.104,20.183,20.068,11602,264121.0,0.57,0.18,0.036,0.0
20240603,20.157,20.059,20.157,20.059,5639,128362.0,0.49,-0.22,-0.045,0.0
20240604,20.218,20.139,20.227,20.139,9515,217174.0,0.44,0.4,0.08,0.0
20240605,20.227,20.201,20.298,20.201,13181,302147.0,0.48,0.31,0.062,0.0
20240606,20.307,20.183,20.316,20.183,22618,518042.0,0.66,-0.09,-0.018,0.0
20240607,20.201,20.148,20.289,20.148,9968,227935.0,0.7,-0.17,-0.035,0.0
20240610,20.227,20.316,20.316,20.183,7779,178426.0,0.66,0.83,0.168,0.0
20240611,20.121,20.254,20.378,20.121,15826,363198.0,1.27,-0.31,-0.062,0.0
20240612,20.369,20.378,20.395,20.342,6040,139317.0,0.26,0.61,0.124,0.0
20240613,20.537,20.498,20.537,20.439,4071,94354.0,0.48,0.59,0.12,0.0
20240614,20.554,20.563,20.563,20.431,19157,444347.0,0.64,0.32,0.065,0.0
20240617,20.457,20.581,20.581,20.457,5621,130659.0,0.6,0.09,0.018,0.0
20240618,20.713,20.659,20.713,20.545,18088,422427.0,0.82,0.38,0.078,0.0
20240620,20.519,20.519,20.616,20.519,9511,221590.0,0.47,-0.68,-0.14,0.0
20240621,20.58,20.554,20.607,20.519,19049,442996.0,0.43,0.17,0.035,0.0
20240624,22.613,20.545,22.613,20.519,6957,163093.0,10.19,-0.04,-0.009,0.0
20240625,20.474,20.456,20.572,20.456,19778,455671.0,0.56,-0.43,-0.089,0.0
20240626,20.479,20.51,20.51,20.439,2391,55012.0,0.35,0.26,0.054,0.0
20240627,20.545,20.545,20.581,20.448,8484,195539.0,0.65,0.17,0.035,0.0
20240628,20.554,20.426,20.554,20.426,60455,1391782.0,0.62,-0.58,-0.119,0.0
20240701,20.448,20.492,20.492,20.421,9875,227031.0,0.35,0.32,0.066,0.0
20240702,20.296,20.563,20.563,20.296,29619,682533.0,1.3,0.35,0.071,0.0
20240703,20.51,20.55,20.581,20.492,8441,195054.0,0.43,-0.06,-0.013,0.0
20240705,20.594,20.656,20.697,20.594,25831,598827.0,0.5,0.52,0.106,0.0
20240708,20.634,20.679,20.679,20.599,3572,82850.0,0.39,0.11,0.023,0.0
20240709,20.634,20.643,20.643,20.572,13995,324492.0,0.34,-0.17,-0.036,0.0
20240710,18.98,20.67,20.67,18.98,10705,246504.0,8.19,0.13,0.027,0.0
20240711,20.67,20.572,20.706,20.572,8494,197077.0,0.65,-0.47,-0.098,0.0
20240712,20.866,20.608,20.866,20.608,26071,605723.0,1.25,0.17,0.036,0.0
20240715,20.747,20.777,20.777,20.625,5362,124810.0,0.74,0.82,0.169,0.0
20240716,20.741,20.652,20.741,20.652,11688,272049.0,0.43,-0.6,-0.125,0.0
20240717,20.625,20.75,20.75,20.625,33331,776045.0,0.61,0.47,0.098,0.0
20240718,20.671,20.625,20.741,20.625,36321,844465.0,0.56,-0.6,-0.125,0.0
20240719,20.697,20.67,20.759,20.67,5321,123895.0,0.43,0.22,0.045,0.0
20240722,20.857,20.794,20.857,20.768,40458,947229.0,0.43,0.6,0.124,0.0
20240723,20.83,20.812,20.91,20.812,18853,442530.0,0.47,0.09,0.018,0.0
20240724,20.866,20.786,20.886,20.786,6780,158907.0,0.48,-0.12,-0.026,0.0
20240725,20.901,20.848,20.91,20.83,15243,357900.0,0.38,0.3,0.062,0.0
20240726,20.8,20.82,20.875,20.794,17463,406095.0,0.39,-0.13,-0.028,0.0
20240729,20.893,20.785,20.893,20.785,760936,17683652.0,0.52,-0.17,-0.035,0.0
20240730,20.947,20.902,20.947,20.794,11732,272724.0,0.74,0.56,0.117,0.0
20240731,20.879,20.803,20.929,20.803,14693,341569.0,0.6,-0.47,-0.099,0.0
20240801,20.92,21.0,21.0,20.911,4186,97837.0,0.43,0.95,0.197,0.0
20240802,21.108,21.09,21.144,21.027,87572,2057133.0,0.56,0.43,0.09,0.0
20240805,20.902,21.26,21.574,20.902,27534,652435.0,3.19,0.81,0.17,0.0
20240806,21.476,21.036,21.476,21.036,25212,593869.0,2.07,-1.05,-0.224,0.0
20240807,21.126,21.108,21.126,20.973,12977,305230.0,0.73,0.34,0.072,0.0
20240808,21.097,21.126,21.144,20.982,6402,150595.0,0.77,0.09,0.018,0.0
20240809,21.081,21.189,21.189,21.054,15153,356736.0,0.64,0.3,0.063,0.0
20240812,21.198,21.243,21.243,21.135,25668,606548.0,0.51,0.25,0.054,0.0
20240813,21.404,21.287,21.404,21.211,17375,411727.0,0.91,0.21,0.044,0.0
20240814,21.583,21.357,21.583,21.269,17157,408539.0,1.48,0.33,0.07,0.0
20240815,21.512,21.299,21.512,21.198,34768,825941.0,1.47,-0.27,-0.058,0.0
20240816,21.296,21.327,21.368,21.269,393026,9354468.0,0.46,0.13,0.028,0.0
20240819,21.503,21.377,21.503,21.296,57960,1379560.0,0.97,0.23,0.05,0.0
20240820,21.503,21.44,21.503,21.323,51488,1225636.0,0.84,0.29,0.063,0.0
20240821,21.601,21.35,21.601,21.35,63828,1525205.0,1.17,-0.42,-0.09,0.0
20240822,21.323,21.47,21.494,21.323,9723,232453.0,0.8,0.56,0.12,0.0
20240823,21.476,21.458,21.476,21.359,58713,1404002.0,0.54,-0.06,-0.012,0.0
20240826,21.269,21.413,21.497,21.269,32985,788835.0,1.06,-0.21,-0.045,0.0
20240827,21.35,21.444,21.458,21.35,7858,186188.0,0.5,0.14,0.031,0.0
20240828,21.413,21.368,21.503,21.368,41398,981970.0,0.63,-0.35,-0.076,0.0
20240829,21.44,21.485,21.544,21.395,11399,270194.0,0.7,0.55,0.117,0.0
20240830,21.657,21.54,21.657,21.431,22443,532995.0,1.05,0.26,0.055,0.0
20240903,21.476,21.512,21.522,21.377,12682,301002.0,0.67,-0.13,-0.028,0.0
20240904,21.531,21.476,21.585,21.387,49158,1166863.0,0.92,-0.17,-0.036,0.0
20240905,21.431,21.549,21.567,21.431,10016,238422.0,0.63,0.34,0.073,0.0
20240906,21.666,21.503,21.666,21.503,65248,1555648.0,0.76,-0.21,-0.046,0.0
20240909,21.56,21.661,21.675,21.56,10624,253927.0,0.53,0.73,0.158,0.0
20240910,21.747,21.603,21.775,21.603,429963,10275948.0,0.79,-0.27,-0.058,0.0
20240911,21.802,21.657,21.802,21.612,47674,1140396.0,0.88,0.25,0.054,0.0
20240912,21.666,21.648,21.666,21.549,28178,673264.0,0.54,-0.04,-0.009,0.0
20240913,21.757,21.576,21.757,21.54,46077,1099617.0,1.0,-0.33,-0.072,0.0
20240916,21.522,21.684,21.684,21.522,46461,1108604.0,0.75,0.5,0.108,0.0
20240917,22.164,21.612,22.164,21.582,27586,658857.0,2.68,-0.33,-0.072,0.0
20240918,21.576,21.602,21.657,21.567,19790,472519.0,0.42,-0.05,-0.01,0.0
20240919,21.657,21.612,21.657,21.562,30342,724478.0,0.44,0.05,0.01,0.0
20240920,21.657,21.664,21.666,21.612,17535,419472.0,0.25,0.24,0.052,0.0
20240923,21.648,21.672,21.712,21.621,465817,11179179.0,0.42,0.04,0.008,0.0
20240924,21.63,21.684,21.684,21.612,20052,479843.0,0.33,0.06,0.012,0.0
20240925,21.721,21.683,21.721,21.627,25024,594449.0,0.43,0.0,-0.001,0.0
20240926,21.576,21.557,21.675,21.557,21595,511316.0,0.54,-0.58,-0.126,0.0
20240927,21.607,21.654,21.675,21.557,8490,201329.0,0.55,0.45,0.097,0.0
20240930,21.689,21.654,21.712,21.621,18375,436185.0,0.42,0.0,0.0,0.0
20241001,21.63,21.726,21.757,21.63,66298,1579277.0,0.59,0.33,0.072,0.0
20241002,21.766,21.693,21.766,21.666,16662,396164.0,0.46,-0.15,-0.033,0.0
20241003,21.679,21.785,21.785,21.657,10061,239563.0,0.59,0.42,0.092,0.0
20241004,21.803,21.516,21.803,21.484,43495,1026332.0,1.46,-1.23,-0.269,0.0
20241007,21.739,21.538,21.739,21.402,16168,381141.0,1.57,0.1,0.022,0.0
20241008,21.529,21.602,21.602,21.411,24555,578852.0,0.89,0.3,0.064,0.0
20241009,21.429,21.47,21.538,21.42,20853,490866.0,0.55,-0.61,-0.132,0.0
20241010,21.52,21.557,21.566,21.402,53257,1254760.0,0.76,0.41,0.087,0.0
20241011,21.42,21.502,21.648,21.411,36948,873853.0,1.1,-0.26,-0.055,0.0
20241014,21.648,21.633,21.648,21.547,15434,365508.0,0.47,0.61,0.131,0.0
20241015,21.56,21.301,21.794,21.301,201536,4722547.0,2.28,-1.53,-0.332,0.0
20241016,21.639,21.436,21.639,21.392,20711,487111.0,1.16,0.63,0.135,0.0
20241017,21.438,21.398,21.452,21.283,17444,409302.0,0.79,-0.18,-0.038,0.0
20241018,21.415,21.529,21.529,21.388,26139,614587.0,0.66,0.61,0.131,0.0
20241021,21.429,21.493,21.511,21.338,16414,385179.0,0.8,-0.17,-0.036,0.0
20241022,21.274,21.456,21.475,21.274,37992,889985.0,0.94,-0.17,-0.037,0.0
20241023,21.429,21.356,21.436,21.274,7347,172032.0,0.76,-0.47,-0.1,0.0
20241024,21.511,21.408,21.511,21.301,25507,599465.0,0.98,0.24,0.052,0.0
20241025,21.475,21.465,21.475,21.411,9670,227256.0,0.3,0.27,0.057,0.0
20241028,21.419,21.351,21.465,21.264,44812,1040301.0,0.94,-0.53,-0.114,0.0
20241029,21.337,21.351,21.401,21.3,10392,241113.0,0.47,0.0,0.0,0.0
20241030,21.41,21.388,21.41,21.337,10939,254105.0,0.34,0.17,0.037,0.0
20241031,21.438,21.18,21.438,21.162,9686,223923.0,1.29,-0.97,-0.208,0.0
20241101,21.355,21.289,21.364,21.208,14861,343916.0,0.74,0.51,0.109,0.0
20241104,21.323,21.248,21.332,21.245,6610,152912.0,0.41,-0.19,-0.041,0.0
20241105,21.392,21.309,21.392,21.263,11585,268702.0,0.61,0.29,0.061,0.0
20241106,21.548,21.433,21.898,21.415,38637,900892.0,2.27,0.58,0.124,0.0
20241107,21.461,21.622,21.622,21.391,17973,420329.0,1.08,0.88,0.189,0.0
20241108,21.523,21.668,21.723,21.511,11764,276858.0,0.98,0.21,0.046,0.0
20241111,21.824,21.585,21.824,21.557,13892,326062.0,1.23,-0.38,-0.083,0.0
20241112,21.797,21.631,21.797,21.484,21417,502709.0,1.45,0.21,0.046,0.0
20241113,21.525,21.557,21.584,21.456,25616,599925.0,0.59,-0.34,-0.074,0.0
20241114,21.594,21.502,21.622,21.401,17745,414558.0,1.03,-0.26,-0.055,0.0
20241115,21.567,21.511,21.567,21.419,19669,458562.0,0.69,0.04,0.009,0.0
20241118,21.622,21.499,21.622,21.444,13364,312419.0,0.83,-0.06,-0.012,0.0
20241119,21.659,21.603,21.659,21.526,22786,533647.0,0.62,0.48,0.104,0.0
20241120,21.668,21.576,21.861,21.437,15528,363366.0,1.96,-0.12,-0.027,0.0
20241121,21.576,21.529,21.594,21.456,29252,684136.0,0.64,-0.22,-0.047,0.0
20241122,21.668,21.53,21.668,21.443,23924,559649.0,1.05,0.0,0.001,0.0
20241125,21.744,21.542,21.744,21.483,14069,326137.0,1.21,0.06,0.012,0.0
20241126,21.548,21.556,21.595,21.483,12305,284783.0,0.52,0.06,0.014,0.0
20241127,21.493,21.54,21.586,21.493,11584,268332.0,0.43,-0.07,-0.016,0.0
20241129,21.576,21.62,21.679,21.521,13336,310240.0,0.73,0.37,0.08,0.0
20241202,21.744,21.576,21.744,21.446,24599,570027.0,1.38,-0.2,-0.044,0.0
20241203,21.464,21.587,21.604,21.464,13862,321448.0,0.65,0.05,0.011,0.0
20241204,21.772,21.597,21.772,21.502,18080,420172.0,1.25,0.05,0.01,0.0
20241205,21.725,21.586,21.725,21.493,11749,272802.0,1.07,-0.05,-0.011,0.0
20241206,21.493,21.61,21.697,21.493,16349,380887.0,0.95,0.11,0.024,0.0
20241209,21.548,21.53,21.558,21.465,13174,304977.0,0.43,-0.37,-0.08,0.0
20241210,21.52,21.44,21.548,21.418,23326,538993.0,0.6,-0.42,-0.09,0.0
20241211,21.437,21.533,21.641,21.437,24355,564430.0,0.95,0.43,0.093,0.0
20241212,21.697,21.478,21.697,21.437,12069,279339.0,1.21,-0.26,-0.055,0.0
20241213,21.479,21.356,21.479,21.356,41845,963422.0,0.57,-0.57,-0.122,0.0
20241216,21.53,21.479,21.558,21.362,23591,545911.0,0.92,0.58,0.123,0.0
20241217,21.459,21.472,21.485,21.437,21832,503985.0,0.22,-0.03,-0.007,0.0
20241218,21.316,21.214,21.429,21.195,38974,892485.0,1.09,-1.2,-0.258,0.0
20241219,21.195,21.099,21.232,21.056,23750,539998.0,0.83,-0.54,-0.115,0.0
20241220,21.056,21.343,21.428,21.056,28726,658877.0,1.76,1.16,0.244,0.0
20241223,21.661,21.312,21.661,21.195,23205,511400.0,2.18,-0.15,-0.031,0.0
20241224,21.554,21.312,21.554,21.312,24978,549885.0,1.14,0.0,0.0,0.0
20241226,21.981,21.341,21.981,21.244,22794,501795.0,3.46,0.14,0.029,0.0
20241227,21.38,21.307,21.399,21.307,103234,2273012.0,0.43,-0.16,-0.034,0.0
20241230,20.924,21.438,21.438,20.924,53710,1181780.0,2.41,0.61,0.131,0.0
20241231,21.099,21.157,21.369,21.099,93407,2040699.0,1.26,-1.31,-0.281,0.0
20250102,21.137,21.293,21.428,21.058,75574,1657375.0,1.75,0.64,0.136,0.0
20250103,21.341,21.438,21.554,21.341,21574,477298.0,1.0,0.68,0.145,0.0
20250106,21.603,21.457,21.603,21.293,30581,674517.0,1.45,0.09,0.019,0.0
20250107,21.487,21.399,21.487,21.228,20127,441582.0,1.21,-0.27,-0.058,0.0
20250108,21.487,21.438,21.487,21.321,20744,457688.0,0.78,0.18,0.039,0.0
20250110,21.487,21.293,21.487,21.108,25632,561583.0,1.77,-0.68,-0.145,0.0
20250113,21.293,21.273,21.293,21.083,29372,641429.0,0.99,-0.09,-0.02,0.0
20250114,21.39,21.351,21.39,21.234,19935,438524.0,0.73,0.37,0.078,0.0
20250115,21.351,21.487,21.545,21.351,34667,766905.0,0.91,0.64,0.136,0.0
20250116,21.642,21.671,21.671,21.484,28989,645392.0,0.87,0.86,0.184,0.0
20250117,21.664,21.601,21.664,21.535,35901,799975.0,0.6,-0.32,-0.07,0.0
20250121,21.584,21.797,21.797,21.584,43737,976586.0,0.99,0.91,0.196,0.0
20250122,21.826,21.618,21.826,21.584,17346,386604.0,1.11,-0.82,-0.179,0.0
20250123,21.642,21.671,21.671,21.584,453426,10109664.0,0.4,0.25,0.053,0.0
20250124,21.671,21.656,21.69,21.626,21885,488546.0,0.3,-0.07,-0.015,0.0
20250127,21.69,21.642,21.729,21.632,46728,1043819.0,0.45,-0.06,-0.014,0.0
20250128,21.632,21.642,21.698,21.632,29381,654630.0,0.3,0.0,0.0,0.0
20250129,21.71,21.613,21.749,21.581,27026,601688.0,0.78,-0.13,-0.029,0.0
20250130,21.574,21.749,21.749,21.574,31237,696878.0,0.81,0.63,0.136,0.0
20250131,21.739,21.681,21.768,21.651,29891,667465.0,0.54,-0.31,-0.068,0.0
20250203,21.583,21.846,21.846,21.583,304407,6798579.0,1.21,0.76,0.165,0.0
20250204,21.875,21.846,21.875,21.691,23389,523776.0,0.84,0.0,0.0,0.0
20250205,21.71,21.816,21.846,21.71,13865,310805.0,0.62,-0.14,-0.03,0.0
20250206,22.303,21.943,22.303,21.788,72048,1621917.0,2.36,0.58,0.127,0.0
20250207,22.225,21.914,22.225,21.744,31655,713788.0,2.19,-0.13,-0.029,0.0
20250210,21.856,21.924,21.992,21.826,20354,457761.0,0.76,0.05,0.01,0.0
20250211,21.875,21.875,21.943,21.846,18927,426389.0,0.44,-0.22,-0.049,0.0
20250212,21.814,21.846,21.894,21.784,15169,340955.0,0.5,-0.13,-0.029,0.0
20250213,21.836,21.836,21.906,21.797,10002,224962.0,0.5,-0.05,-0.01,0.0
20250214,22.011,21.943,22.011,21.904,12573,283918.0,0.49,0.49,0.107,0.0
20250218,22.322,21.846,22.322,21.817,24672,554875.0,2.3,-0.44,-0.097,0.0
20250219,21.826,21.914,21.919,21.826,34097,767296.0,0.43,0.31,0.068,0.0
20250220,22.322,21.992,22.322,21.924,184376,4168633.0,1.82,0.36,0.078,0.0
20250221,21.992,21.924,22.021,21.924,35919,812097.0,0.44,-0.31,-0.068,0.0
20250224,21.953,22.07,22.07,21.953,11486,260183.0,0.53,0.67,0.146,0.0
20250225,22.079,22.143,22.186,21.982,21393,485883.0,0.92,0.33,0.073,0.0
20250226,22.143,22.245,22.245,22.109,80301,1829227.0,0.61,0.46,0.102,0.0
20250227,22.216,22.244,22.264,22.21,35698,814659.0,0.24,0.0,-0.001,0.0
20250228,22.381,22.342,22.391,22.264,75031,1718823.0,0.57,0.44,0.098,0.0
20250303,22.381,22.586,22.586,22.323,85542,1971483.0,1.18,1.09,0.244,0.0
20250304,22.722,22.508,22.722,22.508,119913,2779943.0,0.95,-0.35,-0.078,0.0
20250305,22.274,22.528,22.537,22.274,169030,3905601.0,1.17,0.09,0.02,0.0
20250306,22.342,22.42,22.518,22.342,52967,1220153.0,0.78,-0.48,-0.108,0.0
20250307,22.401,22.342,22.489,22.342,25952,597748.0,0.66,-0.35,-0.078,0.0
20250310,22.245,22.498,22.605,22.245,30640,708947.0,1.61,0.7,0.156,0.0
20250311,22.654,22.294,22.654,22.294,198400,4568092.0,1.6,-0.91,-0.204,0.0
20250312,22.381,22.216,22.381,22.216,41773,955771.0,0.74,-0.35,-0.078,0.0
20250313,22.148,22.235,22.42,22.148,99514,2277280.0,1.22,0.09,0.019,0.0
20250314,22.391,22.274,22.391,22.102,76043,1736274.0,1.3,0.18,0.039,0.0
20250317,22.323,22.401,22.411,22.323,25318,581060.0,0.4,0.57,0.127,0.0
20250318,22.489,22.318,22.498,22.294,32561,746882.0,0.91,-0.37,-0.083,0.0
20250319,22.44,22.459,22.459,22.294,46370,1064678.0,0.74,0.63,0.141,0.0
20250320,22.274,22.605,22.605,22.274,36665,847436.0,1.47,0.65,0.146,0.0
20250321,22.596,22.46,22.596,22.284,20115,464118.0,1.38,-0.64,-0.145,0.0
20250324,22.547,22.489,22.547,22.294,41876,964508.0,1.13,0.13,0.029,0.0
20250325,22.596,22.411,22.596,22.411,30457,702825.0,0.82,-0.35,-0.078,0.0
20250326,22.469,22.391,22.548,22.391,22599,517636.0,0.7,-0.09,-0.02,0.0
20250327,22.371,22.273,22.45,22.273,27962,637353.0,0.79,-0.53,-0.118,0.0
20250328,22.44,22.401,22.44,22.273,70144,1600056.0,0.75,0.57,0.128,0.0
20250331,22.528,22.499,22.546,22.32,93502,2141783.0,1.01,0.44,0.098,0.0
20250401,22.626,22.587,22.626,22.469,98403,2263131.0,0.7,0.39,0.088,0.0
20250402,22.734,22.891,22.891,22.46,86022,1976642.0,1.91,1.35,0.304,0.0
20250403,22.156,22.479,22.568,22.156,247448,5673599.0,1.8,-1.8,-0.412,0.0
20250404,22.028,21.351,22.636,21.351,469415,10732702.0,5.72,-5.02,-1.128,0.0
20250407,22.067,21.94,22.259,21.665,259810,5824666.0,2.78,2.76,0.589,0.0
20250408,22.107,21.999,22.45,21.935,188967,4295823.0,2.35,0.27,0.059,0.0
20250409,22.087,24.411,24.411,21.381,276012,6199507.0,13.77,10.96,2.412,0.0
20250410,22.479,22.391,22.979,21.999,94596,2151459.0,4.01,-8.27,-2.02,0.0
20250411,22.391,22.244,22.549,22.161,63939,1456775.0,1.73,-0.66,-0.147,0.0
20250414,22.489,22.509,22.558,22.352,82337,1886331.0,0.93,1.19,0.265,0.0
20250415,22.656,22.46,22.656,22.46,87231,2006644.0,0.87,-0.22,-0.049,0.0
20250416,22.46,22.509,22.576,22.46,82224,1890382.0,0.52,0.22,0.049,0.0
20250417,22.607,22.577,22.649,22.51,37525,864919.0,0.62,0.3,0.068,0.0
20250421,22.617,22.401,22.617,22.362,67512,1545983.0,1.13,-0.78,-0.176,0.0
20250422,22.626,22.509,22.626,22.46,104290,2396216.0,0.74,0.48,0.108,0.0
20250423,22.93,22.626,22.979,22.617,218227,5045483.0,1.61,0.52,0.117,0.0
20250424,22.803,22.764,22.953,22.617,69604,1609374.0,1.49,0.61,0.138,0.0
20250425,22.566,22.774,22.838,22.566,112098,2579146.0,1.19,0.04,0.01,0.0
20250428,22.783,22.695,22.912,22.556,116682,2681575.0,1.56,-0.35,-0.079,0.0
20250429,22.774,22.734,22.774,22.685,42684,982411.0,0.39,0.17,0.039,0.0
20250430,22.813,22.625,22.813,22.606,43244,993432.0,0.91,-0.48,-0.109,0.0
20250501,22.685,22.793,22.872,22.656,87523,2016030.0,0.95,0.74,0.168,0.0
20250502,22.793,22.833,22.872,22.714,78071,1801492.0,0.69,0.18,0.04,0.0
20250505,22.892,22.813,23.006,22.704,118155,2730552.0,1.32,-0.09,-0.02,0.0
20250506,22.941,22.801,23.02,22.72,1430153,33035184.0,1.32,-0.05,-0.012,0.0
20250507,22.912,22.843,23.257,22.744,119289,2761307.0,2.25,0.18,0.042,0.0
20250508,22.941,22.635,23.099,22.635,143540,3309381.0,2.03,-0.91,-0.208,0.0
20250509,22.803,22.665,22.803,22.606,113275,2606640.0,0.87,0.13,0.03,0.0
20250512,22.803,22.872,22.881,22.665,196700,4541156.0,0.95,0.91,0.207,0.0
20250513,22.902,22.803,22.971,22.704,182480,4210848.0,1.17,-0.3,-0.069,0.0
20250514,22.853,22.665,22.853,22.642,609327,14011492.0,0.93,-0.61,-0.138,0.0
20250515,22.744,22.843,22.843,22.665,125324,2890289.0,0.79,0.79,0.178,0.0
20250516,22.843,22.862,22.862,22.734,91330,2108896.0,0.56,0.08,0.019,0.0
20250519,22.793,22.931,22.941,22.793,212285,4917259.0,0.65,0.3,0.069,0.0
20250520,23.07,22.912,23.07,22.774,156687,3626563.0,1.29,-0.08,-0.019,0.0
20250521,22.961,22.833,22.961,22.774,116516,2694341.0,0.82,-0.34,-0.079,0.0
20250522,22.833,22.882,22.882,22.764,72948,1684899.0,0.52,0.21,0.049,0.0
20250523,22.803,22.902,22.902,22.744,75637,1747919.0,0.69,0.09,0.02,0.0
20250527,23.021,22.952,23.021,22.852,91959,2122497.0,0.74,0.22,0.05,0.0
20250528,22.932,22.882,23.051,22.832,160364,3689368.0,0.95,-0.3,-0.07,0.0
20250529,22.862,22.961,22.968,22.862,63749,1470959.0,0.46,0.35,0.079,0.0
20250530,23.031,23.061,23.061,22.912,233982,5409427.0,0.65,0.44,0.1,0.0
20250602,23.101,23.041,23.101,22.961,224102,5188022.0,0.61,-0.09,-0.02,0.0
20250603,23.051,23.011,23.149,22.981,153062,3546148.0,0.73,-0.13,-0.03,0.0
20250604,23.001,23.061,23.101,22.98,775316,18000972.0,0.53,0.22,0.05,0.0
20250605,23.051,23.021,23.061,22.952,860306,19905422.0,0.47,-0.17,-0.04,0.0
20250606,23.051,22.961,23.051,22.932,373489,8637644.0,0.52,-0.26,-0.06,0.0
20250609,22.991,22.902,22.991,22.852,166498,3836192.0,0.61,-0.26,-0.059,0.0
20250610,22.952,22.842,22.952,22.763,195703,4501232.0,0.83,-0.26,-0.06,0.0
20250611,22.981,22.892,22.981,22.847,198140,4566479.0,0.59,0.22,0.05,0.0
20250612,22.991,22.971,22.991,22.902,290450,6704284.0,0.39,0.35,0.079,0.0
20250613,23.001,22.932,23.001,22.854,201158,4639834.0,0.64,-0.17,-0.039,0.0
20250616,22.961,22.971,23.001,22.902,184226,4256018.0,0.43,0.17,0.039,0.0
20250617,22.912,22.971,22.981,22.912,84809,1958261.0,0.3,0.0,0.0,0.0
20250618,23.041,23.041,23.041,22.952,171366,3963523.0,0.39,0.3,0.07,0.0
20250620,23.051,23.111,23.111,22.994,181929,4216883.0,0.51,0.3,0.07,0.0
20250623,23.19,23.13,23.19,23.091,83338,1939613.0,0.43,0.08,0.019,0.0
20250624,23.19,23.19,23.233,23.101,127315,2966023.0,0.57,0.26,0.06,0.0
20250625,23.26,23.21,23.26,23.073,227980,5275245.0,0.81,0.09,0.02,0.0
20250626,23.25,23.25,23.25,23.09,258486,5982057.0,0.69,0.17,0.04,0.0
20250627,23.06,23.15,23.217,23.06,139948,3241031.0,0.68,-0.43,-0.1,0.0
20250630,23.32,23.32,23.32,23.16,223132,5183139.0,0.69,0.73,0.17,0.0
20250701,23.35,23.22,23.35,23.12,458693,10629235.0,0.99,-0.43,-0.1,0.0
20250702,23.21,23.09,23.21,23.02,292136,6737953.0,0.82,-0.56,-0.13,0.0
20250703,23.27,23.1,23.27,23.04,207685,4791413.0,1.0,0.04,0.01,0.0
20250707,23.21,23.11,23.21,23.03,421025,9719640.0,0.78,0.04,0.01,0.0
20250708,23.15,22.98,23.15,22.92,395456,9080720.0,1.0,-0.56,-0.13,0.0
20250709,23.06,23.04,23.09,22.93,143740,3301077.0,0.7,0.26,0.06,0.0
20250710,23.07,22.98,23.07,22.86,164015,3756498.0,0.91,-0.26,-0.06,0.0
20250711,22.97,22.99,22.99,22.845,401454,9182348.0,0.63,0.04,0.01,0.0
20250714,22.9,22.94,22.951,22.842,165128,3784972.0,0.47,-0.22,-0.05,0.0
20250715,22.98,22.85,22.98,22.84,176472,4036409.0,0.61,-0.39,-0.09,0.0
20250716,22.9,22.9,22.96,22.85,249417,5711551.0,0.48,0.22,0.05,0.0
20250717,22.99,22.9,22.99,22.88,229321,5251283.0,0.48,0.0,0.0,0.0
20250718,22.85,22.92,22.98,22.85,550634,12628558.0,0.57,0.09,0.02,0.0
20250721,22.99,22.96,23.01,22.931,422525,9703794.0,0.34,0.17,0.04,0.0
20250722,22.89,22.95,22.99,22.89,84330,1935275.0,0.44,-0.04,-0.01,0.0
20250723,22.96,22.99,22.99,22.92,607002,13929330.0,0.31,0.17,0.04,0.0
20250724,22.99,22.98,23.05,22.95,377438,8673598.0,0.43,-0.04,-0.01,0.0
20250725,23.03,23.09,23.09,23.0,256452,5911442.0,0.39,0.48,0.11,0.0
20250728,22.95,22.86,22.95,22.85,326072,7461356.0,0.43,-1.0,-0.23,0.0
20250729,22.87,22.91,22.94,22.87,135859,3113283.0,0.31,0.22,0.05,0.0
20250730,22.91,22.97,23.06,22.91,655336,15044441.0,0.65,0.26,0.06,0.0
20250731,23.14,23.07,23.14,22.99,158291,3645233.0,0.65,0.44,0.1,0.0
20250801,23.09,23.08,23.22,23.035,226689,5234492.0,0.8,0.04,0.01,0.0
20250804,23.16,23.22,23.22,23.01,497794,11535404.0,0.91,0.61,0.14,0.0
20250805,23.25,23.23,23.26,23.12,420975,9761842.0,0.6,0.04,0.01,0.0
20250806,23.15,23.33,23.33,23.15,236159,5477081.0,0.77,0.43,0.1,0.0
20250807,23.33,23.23,23.33,23.14,220013,5098354.0,0.81,-0.43,-0.1,0.0
20250808,23.16,23.22,23.262,23.13,237228,5492260.0,0.57,-0.04,-0.01,0.0
20250811,23.2,23.18,23.2,23.102,189456,4386857.0,0.42,-0.17,-0.04,0.0
20250812,23.15,23.12,23.166,23.08,333957,7713425.0,0.37,-0.26,-0.06,0.0
20250813,23.15,23.05,23.169,23.03,176746,4075648.0,0.6,-0.3,-0.07,0.0
20250814,23.0,22.96,23.082,22.96,176641,4068072.0,0.53,-0.39,-0.09,0.0
20250815,23.14,23.04,23.14,22.93,104952,2408825.0,0.91,0.35,0.08,0.0
20250818,23.14,22.97,23.14,22.95,274811,6313987.0,0.82,-0.3,-0.07,0.0
20250819,23.14,22.93,23.14,22.903,253303,5811430.0,1.03,-0.17,-0.04,0.0
20250820,23.12,23.01,23.13,22.94,148321,3413594.0,0.83,0.35,0.08,0.0
20250821,23.05,23.0,23.075,22.97,346058,7958875.0,0.46,-0.04,-0.01,0.0
20250822,23.11,23.06,23.111,23.0,232381,5352088.0,0.48,0.26,0.06,0.0
20250825,23.03,22.96,23.05,22.96,243734,5605064.0,0.39,-0.43,-0.1,0.0
20250826,22.96,22.81,22.98,22.78,366839,8386949.0,0.87,-0.65,-0.15,0.0
20250827,22.95,22.85,22.95,22.75,172286,3934379.0,0.88,0.18,0.04,0.0
20250828,22.78,22.85,22.87,22.78,199614,4560528.0,0.39,0.0,0.0,0.0
20250829,22.92,22.81,22.92,22.8,340687,7775553.0,0.53,-0.18,-0.04,0.0
20250902,22.78,22.85,22.85,22.76,168818,3846935.0,0.39,0.18,0.04,0.0
20250903,22.78,22.81,22.9,22.7,161554,3683858.0,0.88,-0.18,-0.04,0.0
